#type       avg     std     min      p5     p10     p50     p67     p75     p80     p85     p90     p95     p99    p999   p9999      QPS   target       ts_start         ts_end
read      352.6   209.5   148.8   209.9   224.6   322.7   383.3   418.2   442.6   469.8   505.7   563.4   697.3  1737.3  8106.6  29918.1    30000  1715447310720  1715447320889
read      353.3   223.2   148.8   210.7   225.3   322.8   382.2   416.8   441.1   469.0   505.2   562.3   697.0  1751.4  8586.4  30011.1    30005  1715447322399  1715447332537
read      345.4   238.0   160.7   209.3   223.6   315.6   370.6   403.1   427.5   455.9   491.6   544.7   675.1  2093.9 10037.2  29988.7    30010  1715447334046  1715447344163
read      337.9   199.6   160.7   208.2   221.6   312.9   366.8   397.8   420.5   446.3   477.2   525.7   640.2  1439.9  8032.5  30013.3    30015  1715447345672  1715447355789
read      353.5   231.3   148.8   211.5   225.8   324.2   382.0   416.3   440.4   467.5   502.2   555.6   683.7  2296.3  9495.7  29976.9    30020  1715447357297  1715447367415
read      354.8   195.2   160.7   211.1   225.7   328.5   389.7   423.8   447.6   473.4   506.7   559.8   689.6  1319.6  8569.4  30088.1    30025  1715447368923  1715447379036
read      341.1   189.0   160.7   211.5   225.1   314.8   367.9   398.9   422.2   449.4   483.6   535.6   641.7  1281.1  7981.0  30034.3    30030  1715447380545  1715447390665
read      354.6   218.8   148.8   211.7   226.2   323.3   384.0   418.9   443.4   471.1   507.7   566.7   703.9  1808.7  8492.4  30031.9    30035  1715447392174  1715447402304
read      329.0   196.3   160.7   208.6   221.7   305.2   352.3   379.5   399.3   424.5   457.6   507.3   617.7  1500.4  8503.0  30058.7    30040  1715447403813  1715447413939
read      353.4   209.5   148.8   209.2   223.5   326.3   388.6   423.1   447.0   472.7   506.1   558.5   685.7  1170.0  8758.7  30067.4    30045  1715447415446  1715447425565
read      351.5   224.4   160.7   209.4   223.8   322.3   381.0   415.6   440.3   468.4   504.5   560.6   686.6  1373.3  9255.3  30065.5    30050  1715447427073  1715447437190
read      350.5   219.7   148.8   210.6   224.7   320.7   380.3   413.8   437.5   465.5   500.1   550.0   684.3  1958.0  8111.4  30075.1    30055  1715447438698  1715447448818
read      353.0   238.5   148.8   209.3   223.6   320.2   381.5   416.8   441.7   470.2   507.2   567.0   708.6  2319.1  9482.8  30015.2    30060  1715447450326  1715447460439
read      349.0   213.2   160.7   210.0   224.1   321.2   378.5   411.7   435.6   464.3   500.3   553.3   672.5  1359.2  8667.3  30021.2    30065  1715447461945  1715447472062
read      361.8   250.0   160.7   212.1   227.8   332.1   392.9   427.3   452.3   480.9   517.2   575.3   713.6  1734.1 12210.7  30159.0    30070  1715447473572  1715447483697
read      357.2   234.5   148.8   209.8   224.8   325.9   387.4   422.8   448.2   477.1   513.9   575.9   718.5  2132.1  8597.6  30071.8    30075  1715447485205  1715447495324
read      367.5   221.9   148.8   208.2   224.5   337.3   401.7   438.7   464.6   494.6   533.2   594.5   747.5  1973.9  8380.6  30067.4    30080  1715447496832  1715447506951
read      357.1   222.5   148.8   210.6   225.0   326.2   388.3   423.3   448.7   478.0   515.4   575.8   722.3  1650.4  8667.5  30073.8    30085  1715447508459  1715447518582
read      464.2   488.8   160.7   210.8   226.2   347.7   415.5   461.3   498.8   550.8   687.3  1037.9  2699.6  4054.1 11529.6  29393.5    30090  1715447520089  1715447530254
read      421.4   508.2   148.8   210.7   226.2   336.4   400.6   441.2   471.4   511.4   581.8   768.5  2248.1  7853.7 16134.0  30146.8    30095  1715447531766  1715447541992
read      351.7   309.0   160.7   210.5   224.2   318.2   375.0   406.6   430.0   457.7   492.6   545.1   713.1  3707.8 12630.2  30089.5    30100  1715447543503  1715447553738
read      353.9   221.8   148.8   211.3   225.7   322.7   384.0   419.2   444.4   472.6   508.5   564.6   699.7  1555.2  9846.9  30069.5    30105  1715447555247  1715447565371
read      354.9   220.8   148.8   212.0   226.4   324.7   385.4   419.5   443.8   471.7   507.7   565.2   699.3  1686.8 10404.1  30079.0    30110  1715447566878  1715447577026
read      343.5   208.0   160.7   210.1   223.5   314.8   371.2   402.6   426.0   453.3   487.1   537.2   664.9  2191.9  7943.0  30064.0    30115  1715447578534  1715447588653
read      356.0   225.3   160.7   211.2   226.3   325.2   386.8   422.7   448.1   476.6   512.8   570.7   698.5  1403.9  8613.3  30077.1    30120  1715447590163  1715447600293
read      342.9   210.4   160.7   212.1   226.5   314.2   366.7   397.3   420.3   447.6   482.5   536.3   648.3  2382.7  8137.5  30097.1    30125  1715447601802  1715447611927
read      366.5   244.7   148.8   210.8   228.0   335.8   398.5   434.1   459.5   488.9   526.4   585.7   734.9  2125.8  9336.6  30115.9    30130  1715447613436  1715447623554
read      350.9   224.9   148.8   208.9   223.3   321.5   380.3   415.2   440.3   469.2   505.7   561.3   684.6  1426.7  9980.6  30151.3    30135  1715447625060  1715447635186
read      354.3   212.9   160.7   209.9   224.9   325.3   385.1   420.0   445.2   473.6   509.3   567.2   691.9  1404.0  8731.0  30091.8    30140  1715447636695  1715447646814
read      353.6   228.5   160.7   210.0   224.5   323.8   383.1   416.8   440.9   468.7   504.7   560.5   696.2  2190.4  8700.5  30069.1    30145  1715447648322  1715447658433
read      332.8   198.9   148.8   206.3   219.7   308.8   359.2   388.6   409.9   435.0   467.0   515.8   629.7  1757.1  8255.7  30105.4    30150  1715447659942  1715447670058
read      350.8   204.9   148.8   209.7   224.2   321.8   380.3   414.9   439.5   468.2   504.7   563.7   694.1  1249.1  8013.2  30102.8    30155  1715447671566  1715447681673
read      344.0   225.4   148.8   206.3   220.1   315.9   373.0   406.4   431.0   458.9   493.9   546.6   674.7  1505.4  9396.6  30102.7    30160  1715447683179  1715447693294
read      349.9   212.2   148.8   209.3   223.9   320.8   380.1   414.2   438.0   466.0   501.1   553.4   684.3  1893.9  9371.3  30173.8    30165  1715447694801  1715447704926
read      347.6   200.3   148.8   210.0   224.3   320.7   376.6   409.4   433.6   461.5   496.6   547.1   669.0  1455.9  8273.9  30103.1    30170  1715447706436  1715447716558
read      347.1   208.3   148.8   207.5   222.4   318.5   373.8   406.8   431.8   460.5   497.1   550.7   678.2  2026.3  8077.8  30207.0    30175  1715447718066  1715447728184
read      351.3   214.8   160.7   208.6   223.3   322.0   383.2   417.3   441.3   469.1   504.7   558.9   692.5  1454.1  8744.6  30192.7    30180  1715447729691  1715447739807
read      356.1   206.6   160.7   209.3   224.3   327.9   387.7   422.3   447.3   475.1   510.1   569.5   716.6  1480.1  8226.3  30190.4    30185  1715447741316  1715447751435
read      358.8   223.5   148.8   209.4   224.8   327.6   389.5   425.3   451.3   481.2   519.2   580.7   727.8  1723.6  8653.4  30312.2    30190  1715447752944  1715447763059
read      359.7   231.7   148.8   209.8   225.1   328.1   390.1   426.0   451.5   480.4   517.3   577.4   724.9  2342.3  8540.9  30128.2    30195  1715447764573  1715447774683
read      347.0   206.9   148.8   209.1   223.1   319.4   378.3   411.3   434.7   462.3   496.2   545.9   671.7  1411.2  8739.1  30257.7    30200  1715447776190  1715447786305
read      348.7   185.7   148.8   210.2   224.3   322.8   380.9   413.7   436.8   464.6   499.5   549.8   676.4  1255.3  8032.0  30199.4    30205  1715447787811  1715447797929
read      345.7   226.3   160.7   209.7   223.6   318.0   373.3   404.1   427.9   455.1   488.7   539.3   673.9  1865.7  9569.0  30205.0    30210  1715447799437  1715447809554
read      356.5   235.3   160.7   211.1   226.3   326.5   385.6   420.2   444.8   472.7   508.1   565.1   692.1  2380.5  9751.9  30257.4    30215  1715447811062  1715447821180
read      351.5   202.7   160.7   210.9   225.1   322.7   381.9   416.4   440.8   468.8   504.0   557.8   689.9  1513.8  8220.3  30130.1    30220  1715447822689  1715447832804
read      344.9   208.5   148.8   209.7   223.6   316.9   371.3   403.7   428.1   456.2   491.1   543.7   674.4  1968.5  8300.0  30294.2    30225  1715447834313  1715447844429
read      339.7   210.1   148.8   206.7   220.2   311.8   367.7   400.0   424.0   451.7   485.9   537.2   648.6  1681.4  8269.3  30201.7    30230  1715447845938  1715447856057
read      352.5   219.6   160.7   210.0   224.2   323.4   383.2   417.5   442.0   469.9   505.6   559.3   690.3  1847.5  8599.4  30224.9    30235  1715447857567  1715447867692
read      338.2   203.5   160.7   209.3   222.8   311.6   363.6   395.0   418.5   446.1   480.8   532.1   640.6  1443.7  8457.0  30142.6    30240  1715447869199  1715447879316
read      359.4   247.1   148.8   207.5   223.1   327.4   389.2   425.4   451.3   481.1   519.4   582.6   727.1  2053.2  9446.1  30269.6    30245  1715447880821  1715447890938
read      358.9   215.9   148.8   206.9   222.7   329.2   391.1   427.9   454.2   484.3   522.8   584.4   726.8  1291.4  8905.0  30184.3    30250  1715447892448  1715447902569
read      357.8   244.6   148.8   209.9   225.0   328.3   388.4   422.5   446.9   474.6   509.3   567.4   716.2  2028.8  9673.2  30343.6    30255  1715447904077  1715447914196
read      354.3   222.3   148.8   211.6   227.0   323.0   383.5   418.2   443.0   471.1   507.7   565.3   705.0  1616.8  9183.9  30201.2    30260  1715447915704  1715447925822
read      359.8   210.8   160.7   213.0   228.2   330.5   390.7   426.3   452.0   481.2   517.8   575.7   710.7  1823.6  8749.9  30248.2    30265  1715447927328  1715447937448
read      340.2   213.3   148.8   209.3   223.0   313.5   367.5   398.8   422.1   448.8   481.6   530.4   639.9  1450.3  8677.7  30248.3    30270  1715447938955  1715447949072
read      358.4   191.9   148.8   208.4   224.0   328.5   390.8   428.1   455.0   485.4   524.0   586.0   729.9  1187.0  8088.7  30254.9    30275  1715447950580  1715447960693
read      351.4   221.3   148.8   209.3   223.7   320.2   380.0   415.8   441.0   469.9   506.2   563.4   691.3  1754.4  8407.2  30295.1    30280  1715447962201  1715447972319
read      353.8   228.9   160.7   207.6   222.4   323.0   383.1   418.9   444.3   472.7   510.4   571.0   699.3  2011.8  8688.7  30248.2    30285  1715447973829  1715447983943
read      358.0   204.8   148.8   208.8   223.9   328.2   390.2   426.2   452.0   481.7   519.5   579.7   718.0  1560.5  8307.3  30352.7    30290  1715447985449  1715447995569
read      344.7   212.6   160.7   210.1   223.8   316.9   372.0   404.1   428.5   456.8   492.1   544.0   668.0  1533.8  8704.6  30236.6    30295  1715447997077  1715448007195
read      362.0   246.7   148.8   208.3   223.8   328.1   392.0   429.5   456.7   488.0   527.3   588.7   736.8  2218.1 11768.9  30288.0    30300  1715448008705  1715448018824
read      344.2   198.8   148.8   208.6   222.6   315.8   372.5   405.1   429.7   458.5   494.0   545.6   680.1  1664.9  8367.7  30331.6    30305  1715448020332  1715448030451
read      354.9   204.4   148.8   210.2   225.2   325.6   388.0   422.8   447.6   475.7   511.3   568.7   699.7  1166.1  8720.9  30343.8    30310  1715448031958  1715448042077
read      351.6   204.0   148.8   208.2   223.0   322.7   382.7   417.9   442.9   471.6   508.8   567.7   694.4  1169.7  8961.4  30296.8    30315  1715448043584  1715448053711
read      355.5   245.3   148.8   209.9   224.5   323.7   384.5   419.4   444.3   473.0   509.5   567.1   701.7  2221.7 10799.7  30338.1    30320  1715448055218  1715448065342
read      361.6   206.0   160.7   211.4   226.9   330.9   394.3   429.9   456.1   486.4   524.9   584.9   730.5  1719.6  8130.9  30340.3    30325  1715448066850  1715448076966
read      364.9   232.7   148.8   213.5   229.0   335.1   397.3   432.1   457.8   487.5   524.7   582.4   723.9  1726.1  8691.6  30335.0    30330  1715448078474  1715448088587
read      335.5   191.2   160.7   208.3   221.8   310.6   362.7   393.0   414.8   440.0   472.8   523.0   630.1  1704.3  8088.6  30180.8    30335  1715448090093  1715448100221
read      352.7   229.2   160.7   211.2   225.2   321.5   382.0   416.7   441.0   469.7   505.7   561.8   694.0  1657.3  8779.1  30394.7    30340  1715448101732  1715448111850
read      348.1   244.4   148.8   208.7   223.2   317.9   376.1   408.8   432.6   461.3   497.1   548.6   682.4  1954.2 12072.8  30287.2    30345  1715448113358  1715448123486
read      355.2   232.3   148.8   208.9   223.5   324.3   384.9   419.4   444.5   473.3   509.9   569.1   700.8  2460.9  9223.1  30306.9    30350  1715448124999  1715448135121
read      343.8   203.4   148.8   207.7   221.9   316.7   373.3   404.9   429.2   457.8   493.5   545.6   663.1  1620.8  8906.9  30336.8    30355  1715448136629  1715448146750
read      357.9   231.7   148.8   209.1   224.4   327.2   388.8   423.9   449.3   478.8   516.3   575.6   710.4  1838.8  8759.0  30441.1    30360  1715448148258  1715448158384
read      348.0   217.6   148.8   210.5   224.7   319.4   375.4   407.6   431.6   460.3   496.5   549.6   686.8  1581.2 10211.7  30269.4    30365  1715448159890  1715448170006
read      355.0   198.6   148.8   211.9   226.8   325.7   384.5   418.7   443.4   472.5   509.5   568.3   692.8  1840.4  8425.6  30280.3    30370  1715448171516  1715448181635
read      361.2   228.9   148.8   210.6   225.9   329.8   393.2   428.8   454.9   485.3   524.2   585.7   736.6  1529.9  8505.7  30371.4    30375  1715448183144  1715448193262
read      349.2   215.3   148.8   208.0   222.8   319.3   379.5   414.2   438.2   467.1   503.5   560.2   684.9  1468.6 10363.7  30380.3    30380  1715448194770  1715448204893
read      353.9   224.1   148.8   210.6   225.1   323.3   384.9   419.6   444.4   472.8   508.9   567.2   695.2  1555.0  8175.6  30441.0    30385  1715448206405  1715448216528
read      349.8   428.0   148.8   208.8   223.5   320.2   378.8   412.4   436.3   465.9   503.2   559.6   684.8  1290.7  8776.6  30273.9    30390  1715448218037  1715448228164
read      351.5   431.7   148.8   213.5   228.2   319.9   376.9   410.2   433.9   462.5   499.0   552.4   680.0  2045.3  8775.2  30323.8    30395  1715448229673  1715448239791
read      352.9   184.4   148.8   212.0   226.4   325.2   382.9   416.7   441.4   470.3   507.8   565.7   688.6  1553.8  7989.7  30445.1    30400  1715448241299  1715448251423
read      350.9   205.6   160.7   209.6   224.0   322.4   380.3   414.2   438.7   468.3   505.5   564.2   685.8  1530.4  8873.2  30410.7    30405  1715448252929  1715448263051
read      354.5   216.3   160.7   210.4   224.9   324.0   384.1   418.7   443.7   473.2   511.1   571.3   702.8  1672.8  8660.2  30395.1    30410  1715448264559  1715448274674
read      359.3   218.3   148.8   211.5   226.7   329.6   391.0   425.8   451.0   480.3   517.8   576.3   713.0  1671.0  8675.4  30469.7    30415  1715448276182  1715448286301
read      350.2   215.3   160.7   212.5   226.2   320.3   377.6   410.7   434.5   464.1   501.7   556.9   685.2  1786.3  8398.9  30410.0    30420  1715448287809  1715448297925
read      349.1   206.1   160.7   210.2   224.6   319.7   378.8   411.8   435.7   465.0   501.7   555.9   681.8  1434.0  9533.5  30421.3    30425  1715448299432  1715448309570
read      359.9   198.3   148.8   212.3   227.9   331.6   391.5   425.8   450.8   479.9   517.7   577.2   706.3  1839.7  8358.6  30563.8    30430  1715448311080  1715448321199
read      353.0   200.7   160.7   211.5   225.8   325.2   384.2   417.2   440.4   468.5   504.3   558.4   693.0  1701.9  8114.3  30360.2    30435  1715448322707  1715448332824
read      359.0   226.8   160.7   210.6   225.8   329.2   390.6   424.7   449.5   478.4   515.8   575.1   717.6  1599.3  8900.7  30371.7    30440  1715448334333  1715448344446
read      342.3   217.6   148.8   210.2   223.9   314.6   368.5   399.5   422.8   450.2   485.8   539.2   652.6  1636.6 10120.0  30451.7    30445  1715448345953  1715448356080
read      357.3   241.5   148.8   210.2   225.1   328.0   390.0   424.7   449.6   478.3   515.3   573.9   714.7  1647.4  7935.2  30457.3    30450  1715448357587  1715448367705
read      364.2   220.6   148.8   211.4   227.2   335.6   397.8   432.1   457.2   486.1   522.9   582.2   725.0  1677.0  8430.1  30403.4    30455  1715448369214  1715448379331
read      353.5   220.8   160.7   209.5   224.3   323.4   383.1   416.4   440.3   469.5   506.7   566.9   701.1  2022.4  8132.9  30414.7    30460  1715448380840  1715448390960
read      362.1   341.2   148.8   207.9   222.6   322.3   380.2   413.2   436.8   466.2   503.4   564.9   768.6  6488.2 12230.3  30480.1    30465  1715448392466  1715448402598
read      354.1   326.7   148.8   208.1   222.5   320.4   379.1   412.3   436.1   465.2   501.7   557.8   693.0  2970.2 15526.3  30493.0    30470  1715448404107  1715448414231
read      375.6   233.4   148.8   209.8   226.1   343.5   408.9   445.6   471.0   503.3   545.5   621.6   817.6  2081.8  9162.3  30470.9    30475  1715448415740  1715448425859
#type       avg     std     min      p5     p10     p50     p67     p75     p80     p85     p90     p95     p99    p999   p9999      QPS   target       ts_start         ts_end
#type       avg     std     min      p5     p10     p50     p67     p75     p80     p85     p90     p95     p99    p999   p9999      QPS   target       ts_start         ts_end
#type       avg     std     min      p5     p10     p50     p67     p75     p80     p85     p90     p95     p99    p999   p9999      QPS   target       ts_start         ts_end
