Random waveform, supplied seed
Total number of intervals = 90 (7434, 67201, 85927, 63953, 31595, 87879, 7287, 62295, 6561, 22532, 60653, 59076, 60154, 22964, 8172, 27652, 37594, 24367, 33771, 84944, 85666, 51918, 34406, 28664, 38289, 20658, 13840, 93419, 98284, 71313, 42089, 46458, 30755, 42889, 93552, 65694, 29574, 51355, 67361, 16287, 81508, 87619, 99068, 51267, 11822, 97494, 97350, 55460, 85984, 82043, 52873, 13911, 49984, 9274, 27187, 18735, 86505, 93039, 75999, 32324, 84255, 81759, 37291, 53818, 30297, 31569, 38927, 10652, 98119, 48176, 34929, 69735, 20753, 84642, 42333, 61587, 77998, 97625, 23781, 66723, 31016, 47394, 95335, 5252, 65908, 16889, 42912, 99898, 26385, 22616)
Average QPS expected = 51583
Timestamp start: 1715957349212
Timestamp end: 1715958249714

#type       avg     std     min      p5     p10     p50     p67     p75     p80     p85     p90     p95     p99    p999   p9999      QPS   target
read      364.5   533.5   173.5   229.9   249.0   346.6   375.8   391.4   401.1   414.6   430.0   457.9   539.4  7284.4 29219.5   7415.8     7434
read      391.8   328.7   160.7   220.1   233.4   342.1   412.7   455.7   489.7   533.0   586.4   667.7   976.4  3221.9 12002.8  67178.5    67201
read      370.3   268.3   160.7   219.8   232.9   334.9   395.9   432.5   461.6   498.3   546.3   621.9   789.9  1646.1  8548.6  85968.9    85927
read      380.7   271.2   160.7   215.2   228.0   337.5   408.8   452.8   487.8   531.7   584.5   659.9   840.8  1881.7 10091.8  63849.2    63953
read      390.4   357.0   160.7   213.1   226.0   343.7   432.1   481.9   516.7   552.2   589.8   641.0   813.0  2935.8 14260.3  31605.5    31595
read      364.9   254.0   160.7   216.0   228.7   326.1   384.6   419.8   447.3   482.9   532.7   609.6   838.4  2141.9  9064.1  88106.9    87879
read      486.4  1182.8   173.5   226.2   246.8   372.9   426.3   456.4   477.8   504.2   538.9   606.1  3570.3 25421.4 35452.2   7303.9     7287
read      400.6   341.7   160.7   220.0   233.3   344.6   419.6   465.7   503.5   550.3   609.6   699.4  1228.5  2688.4 10177.8  62286.7    62295
read      430.3   748.4   173.5   241.0   263.7   373.7   419.2   446.1   466.7   492.2   524.6   581.1  1237.0  9473.5 31663.8   6571.3     6561
read      469.3   532.1   173.5   220.2   233.9   396.7   498.5   552.8   593.6   661.2   775.6   933.2  1206.5  5477.7 28415.5  22475.2    22532
read      400.7   334.3   160.7   220.6   234.2   346.9   422.1   467.8   505.5   551.9   610.5   697.7  1211.6  2085.6 12396.5  60599.1    60653
read      389.4   297.5   160.7   218.9   231.4   347.9   423.2   467.5   503.5   546.4   598.0   672.6   827.9  1902.2 11207.2  59092.8    59076
read      394.5   352.9   160.7   218.1   230.3   346.5   422.5   467.5   504.5   548.4   603.1   683.7   908.7  2578.7 13912.0  60215.4    60154
read      508.3   770.4   173.5   223.1   238.0   403.9   513.6   573.5   623.3   703.2   818.4   972.8  1711.7 10880.9 30885.7  22922.1    22964
read      519.8  1435.5   173.5   230.2   252.3   400.0   464.1   501.3   527.9   558.1   599.2   684.3  2991.6 26452.4 37018.8   8223.9     8172
read      440.3   559.6   173.5   217.0   229.8   369.2   463.8   517.6   553.0   593.0   649.4   801.3  1259.0  6437.7 30535.8  27681.3    27652
read      408.7   337.5   160.7   219.5   232.0   360.2   445.0   498.8   537.6   579.5   627.6   693.2   996.2  3313.2 11113.5  37681.8    37594
read      471.4   636.3   173.5   217.5   230.5   384.0   485.4   540.0   578.7   630.2   731.9   920.0  1418.1  7489.6 30481.5  24326.8    24367
read      407.8   326.0   160.7   219.2   231.8   364.3   449.3   501.4   537.8   576.7   621.8   685.2   894.5  2859.1 12630.1  33687.8    33771
read      381.1   280.7   160.7   220.0   233.2   339.1   402.0   441.3   471.7   511.2   563.7   641.8   862.7  2819.0 10795.2  85136.1    84944
read      388.8   319.8   160.7   221.7   236.0   343.4   406.3   445.9   476.5   516.6   569.9   651.2   961.1  3395.4  9640.4  85646.0    85666
read      393.5   235.3   160.7   218.1   230.2   348.1   425.8   472.9   511.8   557.1   611.7   685.3   896.8  2194.6  7841.0  51902.8    51918
read      405.7   346.7   160.7   217.9   230.2   363.0   448.2   500.4   537.2   576.5   622.1   685.2   872.4  2076.5 15146.0  34462.1    34406
read      433.5   516.9   160.7   221.1   234.6   371.4   465.7   518.5   553.0   590.0   639.2   745.4  1182.4  4849.0 29905.0  28658.9    28664
read      398.4   344.7   160.7   213.1   226.0   347.0   430.6   482.9   521.5   563.0   610.1   678.4  1043.3  3099.6 12623.8  38273.4    38289
read      534.4   968.4   160.7   220.0   234.0   420.3   535.7   613.2   678.4   748.3   826.9   941.7  2128.6 12598.2 32246.1  20694.7    20658
read      525.5   961.7   173.5   225.9   243.4   426.1   516.5   571.8   612.5   658.9   715.8   803.7  2959.7 12159.8 36388.5  13812.7    13840
read      421.6   601.3   160.7   224.3   239.7   354.5   418.5   456.9   487.4   527.1   582.0   679.9  1655.6  7363.3 30098.2  93272.2    93419
read      378.0   289.7   160.7   223.6   238.4   340.3   397.6   432.1   459.3   493.3   539.8   614.1   848.6  2851.6  9551.3  98260.1    98284
read      382.9   309.5   160.7   219.9   232.3   335.5   402.8   444.8   477.3   520.0   575.0   653.4   883.4  2862.0 10001.9  71298.8    71313
read      388.2   285.2   160.7   216.1   228.2   340.6   420.2   470.4   509.8   553.1   600.8   663.1   830.6  2408.2  9965.2  42031.5    42089
read      394.7   387.7   160.7   217.1   229.2   343.4   421.2   470.3   509.9   556.3   607.6   673.5   864.9  3835.8 12228.2  46468.8    46458
read      395.8   335.9   160.7   217.2   229.4   351.4   439.9   490.7   525.1   560.6   599.2   654.3   828.8  2404.4 15333.6  30777.1    30755
read      396.5   390.4   160.7   218.0   229.8   346.6   425.8   475.4   515.1   558.7   607.3   672.3   869.9  3067.7 21762.2  42910.5    42889
read      373.2   371.2   160.7   221.2   234.8   333.7   391.9   426.6   453.9   488.5   535.8   610.1   838.9  2897.7  8373.5  93560.6    93552
read      381.1   319.5   160.7   218.3   230.2   333.1   400.7   442.7   476.4   521.3   578.1   656.3   906.4  2526.0 10080.5  65725.6    65694
read      403.3   433.7   160.7   218.7   230.7   355.5   447.3   497.4   531.1   566.2   605.0   660.3   872.8  2859.7 25703.8  29541.2    29574
read      388.0   323.1   160.7   217.7   229.6   339.7   415.1   462.6   500.8   546.9   600.6   670.3   842.7  2428.5 15851.5  51474.0    51355
read      381.6   370.0   160.7   219.0   230.9   333.3   400.6   442.1   474.8   518.6   575.0   651.4   874.6  2907.4 17319.0  67388.5    67361
read      531.0   903.5   173.5   225.4   242.3   434.9   535.1   599.3   646.2   696.7   757.0   850.5  2524.8 12480.4 32096.1  16265.4    16287
read      405.6   349.4   160.7   220.8   234.0   341.7   406.4   444.9   475.7   519.1   580.3   687.5  1717.1  2973.2  8662.9  81653.3    81508
read      377.9   311.2   160.7   220.7   233.8   334.7   394.2   429.5   457.6   493.7   542.8   623.2   970.0  3493.8 11680.5  87579.9    87619
read      371.6   295.3   160.7   221.4   235.4   334.3   389.4   422.3   447.7   479.6   525.2   596.4   837.1  3115.9  9860.2  99103.2    99068
read      384.6   310.6   160.7   216.8   228.8   337.9   411.8   458.5   496.3   542.3   594.8   664.7   852.6  1961.1 10469.3  51417.7    51267
read      511.3  1058.0   173.5   231.5   250.1   414.9   489.7   534.5   567.6   606.5   658.3   744.0  2512.2 15884.7 33107.8  11775.7    11822
read      415.3   393.0   160.7   222.2   237.3   350.4   412.8   450.4   479.4   517.5   572.8   680.5  1742.7  3693.7 10210.5  97503.4    97494
read      363.4   258.6   160.7   220.0   232.9   328.8   384.0   416.3   440.8   471.7   517.2   587.9   784.0  2253.5  7925.7  97143.1    97350
read      384.4   361.2   160.7   216.6   228.6   334.7   406.8   453.0   490.5   538.3   593.2   662.9   841.1  2805.6 14848.1  55388.8    55460
read      372.0   294.6   160.7   219.3   231.6   330.4   390.3   426.1   454.2   489.9   539.3   619.0   897.4  2750.1  9179.8  86137.8    85984
read      367.1   284.8   160.7   217.3   229.4   325.9   386.1   422.3   451.0   487.7   538.0   616.2   847.5  2324.6  8725.8  81969.3    82043
read      386.3   449.6   160.7   215.8   227.9   334.4   407.3   454.3   492.2   539.1   592.5   661.8   847.5  2402.5 28480.9  53046.6    52873
read      505.1   941.3   173.5   225.2   242.5   418.8   501.7   551.4   587.9   631.0   683.6   770.3  2416.7 10811.2 35382.5  13905.4    13911
read      402.5   410.4   160.7   216.1   228.5   339.7   417.7   468.0   508.9   557.2   614.6   703.0  1223.4  4321.2 16111.9  49970.1    49984
read      489.7  1004.6   173.5   231.6   251.3   397.4   459.2   495.0   520.8   549.5   587.6   656.8  3071.5 12761.1 35408.4   9297.0     9274
read      476.1   619.3   160.7   220.7   234.6   380.4   488.7   546.9   588.0   648.4   765.3   929.1  1562.7  6338.4 29598.4  27168.9    27187
read      530.5   881.7   173.5   222.2   237.7   435.1   543.1   614.2   665.1   718.9   781.1   875.5  2635.4  8280.9 36612.4  18768.9    18735
read      419.6   368.4   160.7   219.7   233.6   346.4   409.0   446.3   475.9   518.0   581.4   741.3  1768.9  3521.3  9416.4  86397.9    86505
read      361.5   233.6   160.7   218.0   230.5   326.2   382.2   415.0   439.5   470.9   516.2   587.5   799.4  2528.2  6242.0  92953.1    93039
read      368.3   267.9   160.7   214.6   227.3   326.6   390.0   427.8   457.6   496.1   547.9   627.8   864.5  2061.5  8101.1  75969.7    75999
read      388.3   386.3   160.7   209.1   222.0   342.9   430.7   479.6   513.5   549.4   588.8   641.4   818.8  3047.4 21351.1  32435.0    32324
read      372.3   296.5   160.7   215.2   228.3   329.9   391.1   428.0   456.9   493.7   543.7   624.9  1000.3  2197.0 10076.7  84249.4    84255
read      366.3   284.5   160.7   213.2   226.3   326.0   386.6   422.7   450.9   486.8   536.5   614.2   873.4  2458.4  8013.3  81888.4    81759
read      387.5   415.5   160.7   211.0   223.9   339.3   422.3   472.0   508.7   547.5   589.9   646.8   828.9  2741.6 28349.3  37287.2    37291
read      386.0   346.2   160.7   215.1   227.9   339.7   414.3   459.7   496.2   540.7   593.0   665.8   856.3  1793.1 12809.9  53774.7    53818
read      391.1   430.1   160.7   209.6   222.6   344.5   433.5   481.4   514.6   549.1   586.9   638.6   808.0  3944.8 28728.3  30297.9    30297
read      386.8   332.0   160.7   210.5   223.5   341.8   430.9   479.0   512.2   547.1   585.6   637.6   810.8  2265.4 13417.1  31604.2    31569
read      391.0   283.2   160.7   213.5   226.4   347.2   430.2   480.2   517.5   557.7   603.3   668.0   854.0  1788.1 11087.9  38933.6    38927
read      509.7  1086.5   173.5   224.7   244.0   409.6   483.1   525.2   553.8   586.6   630.2   703.9  3107.9 15677.9 36129.9  10642.3    10652
read      405.9   346.1   160.7   221.5   236.8   349.4   409.8   446.4   474.9   513.3   567.1   665.0  1676.6  2992.7 10614.2  98109.6    98119
read      387.0   346.2   160.7   215.3   227.8   336.9   413.9   462.8   501.7   547.3   598.3   667.4   887.4  2320.2 12608.3  48178.7    48176
read      403.2   406.5   160.7   214.9   227.7   353.3   442.0   494.7   532.0   571.2   614.8   675.7   874.3  3827.2 21445.9  34841.1    34929
read      473.9   492.5   160.7   221.9   237.8   360.4   436.2   495.1   546.2   621.6   787.3  1166.2  1870.5  3655.3 18997.8  69840.4    69735
read      489.5   430.0   160.7   217.3   231.5   428.6   549.4   634.9   694.7   754.9   821.2   914.8  1087.6  3816.7 19920.3  20758.1    20753
read      428.1   338.1   160.7   223.0   239.1   365.8   438.6   486.6   524.4   571.9   637.2   767.0  1671.0  2990.4 10072.7  84611.1    84642
read      387.4   364.7   160.7   215.9   228.5   344.0   425.3   473.7   510.7   551.8   595.0   652.0   777.9  1342.1 21691.1  42355.1    42333
read      378.3   245.8   160.7   218.2   230.5   339.6   411.2   454.1   487.4   529.1   579.8   645.2   786.1  1350.6  8222.0  61618.1    61587
read      373.4   250.3   160.7   219.1   231.8   336.0   401.5   441.0   470.8   509.1   559.3   632.2   789.3  1676.1  8040.5  78197.0    77998
read      366.2   255.2   160.7   222.2   236.8   337.6   393.4   426.6   452.3   484.0   527.4   592.8   734.8  1107.8  9164.1  97748.0    97625
read      384.7   353.5   160.7   215.5   228.3   355.2   441.2   479.8   504.9   532.0   562.2   601.5   687.6  1417.6 19315.1  23777.7    23781
read      375.8   236.4   160.7   218.2   230.5   337.9   407.4   449.8   481.7   521.9   572.5   640.0   783.8  1418.3  8016.8  66871.4    66723
read      387.1   293.9   160.7   214.0   227.2   348.1   438.2   484.9   516.1   548.3   583.9   631.4   740.0  1456.2 11066.6  31048.2    31016
read      381.2   270.7   160.7   213.9   226.8   341.8   418.5   464.5   500.6   542.1   588.1   646.8   774.3  1379.8 10098.2  47445.9    47394
read      360.6   201.3   160.7   218.2   230.9   331.4   388.9   423.1   449.5   481.8   525.8   591.4   737.7  1085.4  7593.7  95333.4    95335
read      353.6   328.3   173.5   237.1   259.1   334.7   359.1   371.7   382.1   394.2   408.3   435.7   562.5  4732.4 12386.2   5214.3     5252
read      376.7   237.2   160.7   218.4   230.8   337.8   408.4   451.3   484.2   525.8   577.1   643.0   786.4  1436.5  7782.7  65737.5    65908
read      386.7   497.9   160.7   221.9   235.7   373.1   435.4   462.8   481.2   501.1   526.1   560.1   638.5  2465.3 29042.4  16770.2    16889
read      385.8   326.9   160.7   214.8   227.6   344.2   424.8   471.4   507.6   548.2   591.9   649.7   786.7  1594.8 12124.6  42962.3    42912
read      363.0   267.7   160.7   220.7   234.9   334.8   389.7   422.4   447.6   478.8   521.2   586.5   729.7  1054.1  8718.1  99886.4    99898
read      388.7   451.8   160.7   214.5   227.6   351.3   440.1   481.4   508.8   537.6   569.8   612.9   703.6  1775.4 28753.6  26374.9    26385
read      382.5   256.7   160.7   214.7   227.8   359.1   441.9   477.8   501.8   527.6   555.8   593.5   686.6  1479.1  9963.6  22572.8    22616

Total QPS = 51591.9 (46432688 / 900.0s)

Total connections = 64
Misses = 0 (0.0%)
Skipped TXs = 0 (0.0%)

RX 11468873442 bytes :   12.2 MB/s
TX          0 bytes :    0.0 MB/s
Warning! Detected max cpu usage > 95%
CPU Usage Stats (avg/min/max): 99.96%,49.25%,100.00%