#type       avg     std     min      p5     p10     p50     p67     p75     p80     p85     p90     p95     p99    p999   p9999      QPS   target       ts_start         ts_end
read      325.5   493.5    86.8   174.9   202.4   300.0   330.9   347.4   361.3   375.5   398.0   435.4   588.6  6703.9 24917.6   4942.4     5000  1715788256670  1715788262106
read      354.0   339.7    68.9   159.1   182.4   341.2   398.3   427.2   446.9   467.9   495.8   537.1   631.6  4025.9 13969.2   9964.0    10000  1715788263611  1715788268979
read      365.1   278.8    68.9   146.9   171.4   347.2   428.4   467.6   493.9   522.7   556.6   606.6   709.5  1690.7 11300.2  14975.2    15000  1715788270483  1715788275801
read      381.6   285.3    68.9   139.7   166.2   355.1   447.5   497.2   530.6   566.7   608.0   664.8   785.4  1691.9 12944.5  19944.4    20000  1715788277305  1715788282620
read      402.4   276.3    68.9   135.6   162.1   373.3   469.2   525.9   565.3   608.4   657.5   726.5   888.7  1687.9 10791.2  24876.2    25000  1715788284126  1715788289449
read      421.8   313.0    63.8   140.5   168.1   393.9   490.6   547.5   590.6   638.4   692.8   770.2   939.6  1659.8 13875.9  30141.6    30000  1715788290954  1715788296270
read      424.9   271.9    63.8   143.3   171.2   394.0   491.6   549.7   594.3   643.8   703.3   789.0   986.6  1707.6 10106.6  35011.8    35000  1715788297774  1715788303072
read      430.6   268.2    68.9   143.6   171.7   401.4   501.2   561.6   606.1   656.9   717.9   801.7   983.7  1556.7 10257.7  39931.2    40000  1715788304577  1715788309873
read      435.2   284.5    68.9   144.2   172.9   404.5   505.4   567.9   614.4   667.1   730.7   820.3  1007.6  1485.7  7812.2  44846.8    45000  1715788311378  1715788316674
read      433.7   273.5    63.8   143.8   171.8   398.3   497.0   558.5   608.9   667.2   737.9   839.0  1032.1  1476.4  9765.7  49966.2    50000  1715788318179  1715788323481
read      428.9   286.9    63.8   142.2   170.5   391.6   489.9   551.1   600.3   660.5   734.0   838.4  1034.9  1441.7 10071.4  54997.8    55000  1715788324984  1715788330290
read      444.8   298.1    63.8   148.7   179.1   409.8   506.2   565.4   612.5   672.7   753.5   871.2  1080.1  1420.9 12350.3  60187.0    60000  1715788331794  1715788337091
read      451.7   280.0    63.8   151.2   185.4   419.1   513.8   571.0   616.4   674.8   752.6   870.5  1088.9  1445.8 10295.2  64971.8    65000  1715788338595  1715788343883
read      443.4   301.8    63.8   151.5   183.8   406.8   502.3   561.6   608.0   667.2   744.3   858.5  1064.3  1565.9  9855.6  69883.4    70000  1715788345387  1715788350684
read      442.8   287.3    68.9   154.1   189.3   405.9   496.9   552.9   601.2   662.9   743.0   856.9  1058.5  1357.4 10357.1  74953.0    75000  1715788352189  1715788357512
read      621.0   381.4    63.8   210.7   280.3   608.5   682.8   721.8   747.9   799.1   962.7  1245.7  1462.7  1739.5 14692.3  80015.6    80000  1715788359016  1715788364314
read      801.3   435.6    68.9   563.4   600.8   712.5   750.8   785.8   807.6  1040.4  1301.6  1419.4  1569.7  3919.7 17633.6  80945.4    85000  1715788365819  1715788371112
read      789.3   399.1    80.4   565.0   597.1   694.9   740.2   776.2   805.0  1111.9  1278.1  1382.8  1549.6  3981.3 14915.4  82949.4    90000  1715788372616  1715788377926
read      800.8   420.4    86.8   587.3   610.2   704.1   741.1   773.6   801.6  1132.9  1310.9  1403.4  1542.1  3975.3 17707.0  82269.4    95000  1715788379430  1715788384726
read      804.4   393.9    80.4   572.2   602.1   710.1   754.6   790.2   822.8  1142.3  1302.3  1419.3  1579.8  3219.5 16349.7  81801.2   100000  1715788386230  1715788391534
read      809.1   409.2    74.4   596.2   616.1   711.5   747.9   783.3   806.2  1167.9  1320.4  1415.0  1559.1  3655.0 15999.6  81470.8   105000  1715788393039  1715788398328
read      835.3   452.1    68.9   601.1   632.6   736.2   782.1   806.4   847.6  1156.4  1356.2  1464.0  1605.3  5685.9 17353.9  79014.2   110000  1715788399832  1715788405129
read      842.1   414.6    80.4   611.0   644.2   741.1   785.5   807.7   849.4  1185.6  1372.6  1474.0  1609.2  4064.9 15713.8  78313.4   115000  1715788406633  1715788411926
read      828.2   489.7    63.8   589.5   616.1   729.9   778.2   805.2   847.6  1133.1  1333.4  1454.4  1604.7  5801.7 20596.9  79876.6   120000  1715788413431  1715788418727
read      832.1   443.6    74.4   611.9   643.6   733.6   774.6   798.1   825.3  1007.8  1359.2  1460.0  1596.2  4588.4 17604.3  79444.7   125000  1715788420232  1715788425529
Warning! Detected max cpu usage > 95%
CPU Usage Stats (avg/min/max): 87.37%,52.53%,100.00%

#type       avg     std     min      p5     p10     p50     p67     p75     p80     p85     p90     p95     p99    p999   p9999      QPS   target       ts_start         ts_end
read      337.9   510.0    80.4   169.4   201.1   306.3   337.5   356.0   369.8   387.8   411.0   456.3   726.1  7898.9 22987.6   5037.6     5000  1715788466783  1715788472209
read      352.9   389.4    80.4   155.8   180.3   337.7   394.5   422.9   442.2   464.6   493.1   534.8   642.3  3894.3 20501.1   9987.0    10000  1715788473714  1715788479088
read      368.5   256.3    74.4   148.3   172.1   348.1   429.9   469.6   497.2   527.3   562.4   612.6   735.3  2729.9  8112.8  14960.6    15000  1715788480593  1715788485914
read      388.8   272.9    63.8   141.4   168.1   361.9   454.7   505.4   539.8   577.3   620.2   679.9   820.6  1734.6 12120.4  19976.8    20000  1715788487418  1715788492739
read      403.3   304.0    63.8   138.4   166.1   376.5   467.4   522.6   562.4   605.6   653.2   720.6   869.4  1673.5 10011.0  25010.2    25000  1715788494243  1715788499560
read      411.2   273.2    63.8   138.3   164.6   384.5   480.3   537.6   579.9   627.3   680.9   750.2   913.9  1719.5  8137.0  30056.2    30000  1715788501065  1715788506388
read      425.0   263.7    63.8   144.7   172.5   398.9   495.8   553.3   595.6   644.4   703.8   781.3   944.2  1536.5  9778.2  35001.4    35000  1715788507893  1715788513200
read      423.1   258.5    63.8   142.6   169.8   389.0   490.5   553.5   601.1   651.6   711.3   792.5   978.2  1679.4  9072.2  39990.8    40000  1715788514705  1715788520002
read      429.8   293.8    68.9   143.5   171.8   393.9   495.1   558.2   605.1   658.1   723.1   815.1  1012.9  1590.5 10675.5  44848.6    45000  1715788521506  1715788526814
read      434.8   256.8    63.8   142.5   171.5   404.5   506.0   566.7   612.6   665.9   731.5   827.9  1016.2  1485.3  8133.2  50137.8    50000  1715788528319  1715788533616
read      433.4   275.6    63.8   145.0   174.1   398.7   496.0   556.4   605.1   664.5   738.3   845.5  1039.5  1375.9  9574.6  54932.0    55000  1715788535121  1715788540439
read      445.7   264.5    63.8   148.7   180.0   411.7   510.6   569.2   614.0   672.7   754.1   874.4  1092.1  1452.9  7659.6  59953.6    60000  1715788541944  1715788547242
read      436.8   286.6    63.8   146.1   178.0   399.4   492.4   548.4   595.5   660.1   742.6   862.1  1067.9  1402.2 10582.0  64757.6    65000  1715788548746  1715788554040
read      447.3   306.8    63.8   151.1   186.5   414.5   507.6   563.9   608.1   666.6   745.2   862.5  1074.6  1359.4 11067.0  70076.2    70000  1715788555543  1715788560836
read      463.3   316.2    63.8   156.1   192.9   417.6   519.3   587.8   641.5   703.1   776.7   887.4  1198.7  1686.2 11350.9  74984.0    75000  1715788562341  1715788567639
read      495.7   324.4    59.1   168.9   215.6   457.1   562.9   621.2   662.8   714.8   792.1   940.6  1282.6  1761.0 12194.0  80142.0    80000  1715788569143  1715788574453
read      592.6   423.0    63.8   203.8   270.5   573.8   643.2   681.1   713.0   762.0   941.0  1179.9  1374.1  1900.0 15932.0  85051.4    85000  1715788575959  1715788581258
read      811.8   395.9    86.8   602.1   627.2   719.0   754.4   785.4   804.8   940.5  1324.6  1429.5  1572.3  3968.2 15669.9  80958.7    90000  1715788582762  1715788588057
read      821.4   423.9    68.9   600.8   627.5   727.3   770.0   796.5   825.0  1000.3  1334.2  1446.9  1593.3  3976.2 16906.3  80226.6    95000  1715788589562  1715788594871
read      808.8   421.0    74.4   593.2   614.3   714.3   753.1   788.1   813.2  1109.6  1316.9  1421.7  1575.7  3877.5 16648.6  81348.6   100000  1715788596375  1715788601670
read      824.1   438.9   109.4   604.2   630.6   725.2   766.8   795.2   825.1  1131.7  1337.6  1442.9  1588.4  4036.5 17135.5  80055.7   105000  1715788603175  1715788608474
read      823.7   428.8    93.8   601.7   627.9   725.9   769.2   797.5   831.0  1080.4  1333.6  1443.6  1595.1  4422.9 16237.8  80152.8   110000  1715788609978  1715788615279
read      813.1   424.6    80.4   603.3   628.4   715.8   747.1   780.2   802.4  1129.9  1334.7  1429.1  1558.3  3899.0 17644.8  81065.5   115000  1715788616784  1715788622084
read      825.5   405.3    80.4   600.9   628.3   727.2   769.5   796.9   830.1  1153.0  1345.0  1448.7  1592.0  4283.1 15717.8  79834.2   120000  1715788623588  1715788628884
read      844.6   437.7    68.9   612.9   645.2   742.5   787.4   811.2   854.7  1146.9  1371.6  1473.3  1612.2  4164.7 16579.4  78199.4   125000  1715788630389  1715788635688
Warning! Detected max cpu usage > 95%
CPU Usage Stats (avg/min/max): 87.37%,57.00%,100.00%

#type       avg     std     min      p5     p10     p50     p67     p75     p80     p85     p90     p95     p99    p999   p9999      QPS   target       ts_start         ts_end
read      319.1   418.1    93.8   171.5   198.5   296.0   325.1   341.4   354.0   369.4   391.1   429.6   612.2  5860.7 18657.8   4910.0     5000  1715788747382  1715788752817
read      353.6   450.4    80.4   154.3   177.8   332.8   389.1   418.2   437.0   459.4   486.2   526.6   638.5  6429.1 16269.3  10013.4    10000  1715788754321  1715788759689
read      376.2   305.0    68.9   148.3   173.2   351.6   434.5   476.0   504.5   536.1   574.7   631.5   787.2  3900.1 11821.3  14933.4    15000  1715788761193  1715788766511
read      394.4   279.4    63.8   143.3   170.3   365.1   458.2   511.3   546.8   586.3   630.3   689.5   839.8  2649.9  9949.4  19996.8    20000  1715788768017  1715788773333
read      407.6   296.0    63.8   139.7   166.6   382.5   474.3   530.0   569.7   613.6   663.5   732.7   882.6  1601.5 12636.6  24918.4    25000  1715788774838  1715788780160
read      422.3   397.0    68.9   143.8   170.8   388.8   487.1   544.9   588.3   635.9   691.5   768.8   936.3  1692.2 20337.6  29875.3    30000  1715788781665  1715788786992
read      445.0   278.4    63.8   145.8   176.2   411.1   518.1   582.1   628.0   680.3   744.4   841.2  1051.9  1618.2 11243.6  34846.2    35000  1715788788497  1715788793798
read      450.3   283.9    68.9   146.7   176.4   416.8   526.0   588.8   635.0   689.0   754.5   853.8  1068.3  1757.9  7780.4  39951.2    40000  1715788795302  1715788800601
read      448.7   271.2    63.8   144.4   173.6   414.2   522.0   586.8   634.0   690.1   760.2   861.7  1071.8  1556.3  9367.2  45077.6    45000  1715788802105  1715788807427
read      446.9   273.9    68.9   146.9   175.9   407.9   513.9   581.2   630.6   690.0   767.7   879.1  1091.5  1465.3  8010.7  49834.0    50000  1715788808931  1715788814225
read      460.3   299.6    68.9   149.6   182.2   427.5   528.2   587.0   632.6   690.2   773.2   896.6  1131.6  1485.9 10452.1  55087.0    55000  1715788815730  1715788821027
read      456.9   285.8    63.8   152.2   184.8   422.1   520.5   579.4   626.0   686.8   773.4   898.4  1115.3  1519.5  9878.1  59924.0    60000  1715788822532  1715788827833
read      453.5   313.1    63.8   151.5   185.1   415.9   510.7   569.9   617.3   679.2   762.2   884.0  1108.1  1905.0 10843.3  65045.8    65000  1715788829338  1715788834639
read      464.4   295.2    68.9   158.2   196.2   429.5   526.5   584.6   630.3   689.3   772.2   896.1  1119.6  1445.7 11663.5  70002.0    70000  1715788836143  1715788841448
read      435.1   255.0    63.8   151.7   185.5   400.5   490.6   545.9   591.8   652.2   730.8   847.0  1056.7  1356.2  8165.7  75023.2    75000  1715788842954  1715788848263
read      742.5   426.6    74.4   377.3   476.5   687.3   745.0   786.8   823.0   928.6  1184.4  1365.7  1567.1  2867.5 18193.0  78929.6    80000  1715788849767  1715788855070
read      786.7   409.3    93.8   555.3   585.6   694.4   740.0   776.3   805.6  1084.0  1271.0  1387.2  1552.7  4039.5 15655.0  82334.2    85000  1715788856575  1715788861882
read      814.3   413.3    68.9   583.4   613.0   720.9   764.4   794.3   825.1  1123.5  1325.7  1438.2  1588.0  4075.1 15780.4  80565.8    90000  1715788863387  1715788868687
read      817.3   417.2    86.8   576.1   605.0   718.3   773.5   806.7   856.0  1151.4  1311.3  1439.9  1613.3  4562.5 15951.7  80685.6    95000  1715788870191  1715788875497
read      823.3   420.0    86.8   582.6   609.0   728.2   783.8   817.7   857.6  1137.8  1317.8  1457.8  1631.9  3532.1 15924.8  80037.4   100000  1715788877002  1715788882304
read      837.5   445.5    80.4   605.2   637.4   735.9   780.6   804.6   846.4  1194.4  1369.3  1469.3  1603.9  4151.3 18400.2  78678.0   105000  1715788883809  1715788889106
read      812.3   430.4    93.8   594.5   615.1   716.3   756.5   789.5   814.3  1106.5  1317.5  1423.0  1576.3  4812.8 16636.8  81298.2   110000  1715788890611  1715788895906
read      849.6   420.9    80.4   626.4   653.6   750.6   792.1   817.0   852.4  1032.9  1392.6  1490.0  1618.8  3922.7 17304.9  77640.8   115000  1715788897411  1715788902721
read      790.3   396.5    80.4   569.9   599.1   693.0   735.9   767.2   799.1  1135.2  1287.2  1383.5  1522.0  3993.5 15899.9  83365.0   120000  1715788904226  1715788909522
read      855.7   458.5    93.8   624.4   652.4   754.2   796.5   828.1   859.7  1113.4  1389.6  1497.1  1650.7  5143.5 18646.1  77301.6   125000  1715788911026  1715788916330
Warning! Detected max cpu usage > 95%
CPU Usage Stats (avg/min/max): 87.58%,61.50%,100.00%

