#type       avg     std     min      p5     p10     p50     p67     p75     p80     p85     p90     p95     p99    p999   p9999      QPS   target       ts_start         ts_end
read      328.4   175.1   148.8   212.9   227.3   310.1   353.6   378.7   396.9   418.5   445.0   485.3   574.9  1012.2  8026.1  29939.5    30000  1715178000452  1715178010594
read      326.0   188.1   160.7   216.4   229.3   303.3   345.5   372.1   391.6   413.9   441.7   483.6   576.5  1337.1  8466.0  29965.7    30005  1715178012100  1715178022241
read      319.3   204.5   160.7   211.7   224.3   292.6   333.3   359.3   378.4   401.3   430.8   471.7   588.7  2451.4  8351.2  30046.1    30010  1715178023748  1715178033858
read      484.9   730.4   160.7   233.0   252.1   372.2   443.2   490.5   529.3   581.6   664.1   858.8  2902.0  8323.7 19176.6  29985.2    30015  1715178035365  1715178045479
read      400.3   687.7   160.7   222.4   237.4   330.0   384.8   417.5   442.3   474.1   523.7   629.3  1006.3 11299.2 24314.6  29954.1    30020  1715178046985  1715178057095
read      347.8   501.5   160.7   212.6   225.3   299.2   344.0   372.4   394.3   420.6   455.5   511.3   722.5  9534.3 19254.8  30077.9    30025  1715178058601  1715178068713
read      318.4   268.0   160.7   211.8   223.6   288.6   327.0   352.3   371.7   395.8   426.4   469.7   582.0  3801.5 10621.7  30156.9    30030  1715178070219  1715178080338
read      351.2   349.7   160.7   220.9   234.9   316.8   363.6   391.2   411.3   435.2   468.1   522.7   713.0  4584.3 14938.8  30017.8    30035  1715178081846  1715178091957
read      340.1   310.4   160.7   212.3   225.7   306.8   354.4   383.0   403.1   428.2   460.5   510.0   676.4  4075.4 13598.1  30057.1    30040  1715178093464  1715178103576
read      357.9   266.3   160.7   220.4   236.6   330.6   379.0   406.5   428.0   453.1   484.8   535.7   699.6  3614.5 10782.5  30024.9    30045  1715178105083  1715178115201
read      338.0   369.0   160.7   211.9   224.9   302.2   347.6   375.6   396.6   421.9   454.7   505.1   664.8  4663.0 17958.1  30076.7    30050  1715178116707  1715178126822
read      331.4   334.5   160.7   211.1   224.0   296.9   341.7   369.2   390.0   414.5   446.3   496.0   635.9  4592.2 15069.7  29969.1    30055  1715178128328  1715178138440
read      318.8   334.9   160.7   208.8   220.6   284.0   322.2   348.7   369.4   393.8   425.0   470.0   579.4  4801.2 14679.4  30020.4    30060  1715178139945  1715178150059
read      330.5   374.7   148.8   210.6   223.3   292.4   334.2   361.4   381.9   406.1   438.5   489.0   663.2  4392.5 17399.6  30044.0    30065  1715178151569  1715178161676
read      325.9   273.7   160.7   210.3   223.8   301.8   344.7   369.7   388.3   409.3   435.9   477.4   576.0  2424.9 12747.7  30041.1    30070  1715178163182  1715178173296
read      310.7   195.6   160.7   207.7   220.4   286.4   325.6   351.2   370.5   393.4   422.4   463.6   550.4  2011.0  8137.4  30039.7    30075  1715178174801  1715178184911
read      311.3   191.0   148.8   207.1   220.2   289.7   329.1   353.7   371.9   394.2   421.7   461.7   547.4  1408.9  8578.7  29949.4    30080  1715178186417  1715178196530
read      317.4   201.6   160.7   207.0   221.2   296.4   337.1   361.9   379.9   401.3   429.3   468.8   563.8  1336.0  8436.1  30158.8    30085  1715178198035  1715178208147
read      320.3   174.8   160.7   209.4   223.5   300.0   341.7   367.2   385.8   406.6   434.3   474.4   565.5  1263.1  7848.0  30174.7    30090  1715178209653  1715178219760
read      323.0   194.7   160.7   209.2   223.7   302.8   344.0   368.7   387.0   407.5   434.9   476.2   574.6  1460.9  8262.7  30051.3    30095  1715178221267  1715178231375
read      322.2   202.1   160.7   210.3   223.9   301.6   344.3   369.6   388.1   408.7   434.9   473.3   559.6  1357.9  8677.4  30080.0    30100  1715178232881  1715178242990
read      319.0   207.1   148.8   208.3   222.2   297.3   339.4   364.7   383.2   404.1   432.2   471.2   557.4  1271.1 10173.7  30104.4    30105  1715178244497  1715178254619
read      306.8   167.5   160.7   207.2   219.9   285.3   322.0   346.2   365.6   388.2   416.5   457.9   543.6  1126.2  7912.0  30086.0    30110  1715178256125  1715178266241
read      321.7   196.2   160.7   210.9   224.4   298.8   341.4   367.4   386.5   408.2   436.5   479.6   571.1  1420.9  8283.5  30117.6    30115  1715178267748  1715178277858
read      315.1   168.6   160.7   209.1   222.2   292.1   333.2   359.2   378.2   400.8   430.2   470.8   562.3  1722.8  7884.8  30126.3    30120  1715178279364  1715178289477
read      323.6   218.6   160.7   212.7   226.7   301.2   341.6   367.1   386.0   407.4   435.5   477.4   572.8  1642.2  8136.7  30108.6    30125  1715178290982  1715178301093
read      315.3   176.0   160.7   207.9   221.3   293.2   334.4   359.8   378.4   400.6   429.8   470.3   563.2  1269.7  7853.6  30052.2    30130  1715178302599  1715178312709
read      319.2   194.2   148.8   207.1   221.4   298.9   340.3   365.3   383.6   404.1   432.3   471.3   564.1  1323.8  8095.0  30150.7    30135  1715178314213  1715178324325
read      317.0   211.4   160.7   210.4   223.1   292.6   333.5   359.6   378.9   401.8   431.5   472.9   560.0  1718.5  9840.7  30171.7    30140  1715178325831  1715178335941
read      320.6   184.8   160.7   210.2   224.2   299.5   340.9   366.2   384.8   405.3   432.9   471.3   561.1  1646.6  7946.7  30063.6    30145  1715178337447  1715178347564
read      321.3   177.9   160.7   213.8   226.4   298.7   340.4   366.5   385.9   408.0   436.2   479.2   569.9  1147.4  8080.3  30073.1    30150  1715178349069  1715178359189
read      323.7   176.9   148.8   210.4   224.4   301.8   345.0   371.6   391.1   413.3   441.0   481.9   576.3  1530.4  8095.5  30172.8    30155  1715178360698  1715178370810
read      329.2   182.4   148.8   207.9   223.6   310.8   355.6   381.1   399.0   420.8   447.5   488.2   581.7  1282.0  7968.9  30165.2    30160  1715178372315  1715178382434
read      319.7   205.3   160.7   208.8   222.2   296.6   340.1   366.5   385.7   407.5   435.6   476.9   574.9  1435.5  8778.7  30088.9    30165  1715178383942  1715178394135
read      436.5   518.6   160.7   213.3   227.3   315.7   372.9   411.6   443.3   489.6   599.8   937.0  3182.8  5554.8 11366.0  29695.3    30170  1715178395643  1715178405931
read      363.4   213.4   160.7   221.1   236.2   338.1   393.5   423.1   444.3   469.4   507.5   577.5   733.3  1430.2  8683.6  28140.7    30175  1715178407442  1715178417722
read      330.1   218.1   148.8   210.0   224.8   304.7   348.6   375.0   394.5   416.9   445.1   489.6   609.7  2322.8  8586.6  30262.9    30180  1715178419231  1715178429340
read      325.2   200.7   148.8   202.8   217.9   305.4   350.4   375.8   394.7   416.6   443.4   484.1   586.7  1713.4  8744.9  30115.3    30185  1715178430846  1715178440958
read      327.7   205.4   148.8   209.5   224.4   306.5   350.4   375.6   394.4   416.0   442.9   484.4   586.6  1974.6  9391.1  30165.3    30190  1715178442463  1715178452572
read      315.7   202.0   160.7   207.0   220.8   292.2   333.1   358.9   377.6   400.2   429.1   469.7   565.3  1750.9  8179.2  30199.8    30195  1715178454079  1715178464193
read      326.4   199.3   160.7   207.8   222.3   306.8   351.1   376.5   395.3   417.0   443.6   484.2   581.6  1599.0  8112.7  30184.2    30200  1715178465700  1715178475814
read      321.5   200.2   160.7   209.1   222.9   299.3   342.8   368.7   387.6   408.9   435.8   476.8   569.8  1567.1  8316.8  30181.4    30205  1715178477321  1715178487433
read      324.1   173.6   148.8   205.7   220.7   305.8   350.6   376.1   394.6   415.8   441.8   481.6   571.7  1201.5  7848.3  30130.6    30210  1715178488939  1715178499050
read      331.2   212.2   160.7   208.8   223.9   311.7   357.2   382.8   400.9   422.9   449.7   489.8   586.0  1453.6 10085.0  30221.2    30215  1715178500556  1715178510668
read      328.6   428.1   160.7   208.8   223.8   309.4   353.2   378.2   396.3   417.6   443.6   482.8   574.8  1231.1 10159.6  30368.9    30220  1715178512174  1715178522284
read      311.7   164.6   148.8   206.4   219.5   289.4   330.9   357.0   375.7   398.4   426.9   467.2   549.1  1385.7  7800.1  30307.1    30225  1715178523790  1715178533901
read      327.1   197.0   160.7   211.7   226.0   306.7   349.4   374.5   393.5   415.1   442.0   483.1   580.6  1379.1  8454.3  30224.1    30230  1715178535407  1715178545520
read      323.0   173.0   148.8   206.9   221.3   303.5   348.2   374.2   393.4   415.1   441.7   481.8   574.5  1182.7  7827.5  30270.9    30235  1715178547026  1715178557137
read      319.1   169.5   160.7   209.7   223.5   298.1   340.1   365.4   384.0   405.0   432.3   471.1   564.6  1363.2  7114.9  30302.2    30240  1715178558642  1715178568749
read      314.5   171.4   148.8   207.0   220.5   293.3   335.7   361.8   380.8   402.5   430.1   469.1   548.8   949.7  7898.3  30194.1    30245  1715178570256  1715178580369
read      318.7   417.7   148.8   208.8   222.2   295.6   338.4   364.2   383.1   404.2   432.3   471.4   560.6  1689.9  8102.4  30313.9    30250  1715178581876  1715178591984
read      332.5   202.5   160.7   209.1   224.0   311.0   356.6   382.4   400.5   422.8   450.2   492.6   626.3  1913.0  9824.0  30259.5    30255  1715178593490  1715178603602
read      328.9   187.4   148.8   207.4   223.0   309.9   354.3   379.5   397.8   419.6   446.1   486.1   588.2  1597.8  8099.6  30166.4    30260  1715178605108  1715178615215
read      313.4   176.9   160.7   208.9   222.1   291.6   332.3   357.7   375.9   398.0   425.6   464.1   545.4  1341.5  7604.0  30202.2    30265  1715178616720  1715178626832
read      331.7   218.0   160.7   209.8   224.8   312.0   357.8   383.4   401.3   422.9   448.8   487.1   580.9  1597.1  9201.4  30246.0    30270  1715178628339  1715178638466
read      322.0   162.8   160.7   209.8   223.4   301.3   345.1   371.0   390.0   411.2   436.9   476.2   570.7  1375.4  7595.0  30246.6    30275  1715178639973  1715178650083
read      311.3   173.1   148.8   206.8   220.1   288.7   329.6   356.1   374.9   397.9   426.0   465.1   544.7  1243.0  7881.2  30264.8    30280  1715178651590  1715178661706
read      315.7   181.3   148.8   208.6   222.1   293.4   334.6   360.3   378.8   401.0   429.6   468.5   549.5  1474.3  8022.7  30250.0    30285  1715178663213  1715178673324
read      315.0   171.6   160.7   209.1   222.4   294.7   335.8   360.9   378.9   400.2   427.4   465.4   546.0  1195.7  8124.9  30378.4    30290  1715178674830  1715178684943
read      315.6   188.5   160.7   208.4   222.0   294.1   335.3   360.5   378.6   400.1   427.3   465.6   547.8  1315.2  8581.2  30175.4    30295  1715178686450  1715178696562
read      318.4   199.3   148.8   209.7   222.8   294.5   336.1   362.2   381.3   403.1   431.7   470.4   562.5  2365.1  7997.2  30178.6    30300  1715178698068  1715178708179
read      329.2   183.3   160.7   209.9   224.8   308.3   354.0   380.4   399.2   421.8   449.4   491.3   593.6  1578.1  8391.5  30350.2    30305  1715178709685  1715178719795
read      326.1   162.1   160.7   211.8   225.8   306.8   350.8   376.3   395.2   417.0   443.5   482.8   576.1  1163.3  7575.5  30284.7    30310  1715178721302  1715178731414
read      320.7   164.3   148.8   209.5   223.5   300.9   343.9   369.7   388.5   409.5   435.6   474.1   563.1  1097.5  7968.2  30387.2    30315  1715178732921  1715178743029
read      334.7   183.4   148.8   210.7   225.5   315.3   361.7   387.5   405.2   427.2   454.1   494.6   612.5  1917.0  8644.0  30347.8    30320  1715178744535  1715178754648
read      326.9   186.5   160.7   209.3   223.9   306.5   350.8   376.9   396.2   418.5   445.6   486.6   583.4  1268.4  7946.7  30298.2    30325  1715178756159  1715178766284
read      329.2   194.6   148.8   212.8   226.7   309.9   354.3   379.6   397.6   419.1   445.1   483.7   577.4  1227.7  8272.7  30384.7    30330  1715178767790  1715178777898
read      327.7   179.7   148.8   206.6   221.8   309.4   355.7   381.1   398.8   420.1   445.8   485.2   581.7  1353.6  8208.8  30394.7    30335  1715178779404  1715178789513
read      327.2   177.5   160.7   212.7   227.1   307.0   350.4   376.0   394.9   416.6   442.9   482.2   574.1  1641.9  7889.5  30282.5    30340  1715178791020  1715178801134
read      317.7   669.9   160.7   210.5   223.6   294.2   335.7   361.6   380.6   402.1   429.6   467.6   548.6   916.3  7852.8  30324.6    30345  1715178802640  1715178812750
read      320.3   418.2   160.7   209.1   222.1   296.3   340.1   366.9   386.2   407.6   435.0   474.5   575.0  1807.7  7934.8  30423.9    30350  1715178814257  1715178824369
read      319.6   172.9   160.7   209.0   222.4   296.6   340.9   367.7   387.4   409.5   436.9   478.0   571.5  1342.0  7706.3  30359.3    30355  1715178825876  1715178836039
read      320.4   430.4   160.7   210.1   223.6   297.2   340.2   366.3   385.5   407.0   434.4   473.1   571.5  1483.7  8033.1  30342.5    30360  1715178837549  1715178847664
read      318.0   169.9   160.7   207.4   221.6   296.8   340.2   366.0   384.8   405.4   432.4   470.2   558.0  1471.6  7882.9  30375.8    30365  1715178849171  1715178859286
read      324.3   422.0   160.7   210.7   224.9   301.9   345.0   371.3   390.6   412.4   438.8   478.7   572.2  1380.7  8400.5  30380.9    30370  1715178860791  1715178870905
read      310.3   419.6   148.8   205.0   217.4   286.4   327.2   353.4   372.7   395.7   424.1   463.8   549.6  1408.5  8707.5  30398.0    30375  1715178872412  1715178882525
read      317.3   195.1   160.7   210.4   224.0   294.8   335.4   360.8   379.3   401.2   428.8   466.6   548.8  1863.8  9617.2  30348.4    30380  1715178884031  1715178894159
read      315.5   184.2   160.7   207.0   219.8   290.8   334.3   361.8   381.8   404.0   432.6   471.8   567.7  1962.4  7893.9  30390.1    30385  1715178895666  1715178905779
read      324.0   179.2   160.7   211.9   225.9   303.5   345.8   371.5   390.5   411.8   437.9   477.4   567.3  1352.5  7936.7  30388.7    30390  1715178907285  1715178917396
read      325.3   182.9   148.8   211.6   226.2   305.6   348.0   373.4   392.1   413.2   439.1   478.4   571.3  1264.6  8210.8  30459.0    30395  1715178918902  1715178929008
read      323.8   201.1   160.7   209.3   223.5   302.2   346.7   372.9   392.0   413.4   439.3   478.5   572.2  1444.8  8079.0  30296.4    30400  1715178930514  1715178940630
read      319.8   164.4   148.8   207.5   221.7   298.6   342.4   368.4   387.3   408.2   434.8   473.0   565.8  1560.2  7734.1  30420.9    30405  1715178942136  1715178952253
read      319.3   208.0   148.8   208.7   222.1   296.2   339.8   366.2   385.3   406.6   433.8   471.7   561.1  1552.4  8637.5  30345.8    30410  1715178953759  1715178963867
read      323.0   183.4   160.7   211.6   225.0   300.8   344.6   370.8   390.0   411.6   437.6   476.4   566.0  1567.5  7938.3  30330.7    30415  1715178965374  1715178975493
read      316.7   205.5   148.8   209.4   222.8   294.6   335.9   361.5   379.8   401.3   428.4   466.1   546.6  1265.7  8673.8  30431.4    30420  1715178976999  1715178987109
read      315.5   166.9   160.7   209.9   222.8   293.8   335.4   361.4   380.1   401.8   429.7   468.1   548.1  1333.5  7967.7  30404.4    30425  1715178988616  1715178998725
read      325.4   186.0   148.8   210.5   224.9   305.7   348.3   373.9   392.9   414.4   440.7   479.2   569.9  1440.1  8060.9  30427.7    30430  1715179000231  1715179010344
read      325.8   173.9   160.7   213.3   227.0   305.6   348.2   373.5   392.6   414.2   440.3   478.9   569.6  1544.5  7959.9  30434.9    30435  1715179011850  1715179021958
read      327.9   214.2   160.7   210.3   224.9   307.6   351.3   376.5   395.2   416.5   442.1   481.5   579.4  1573.9 10385.4  30354.1    30440  1715179023465  1715179033574
read      320.5   191.1   148.8   211.2   224.8   298.8   340.9   366.5   385.3   406.3   434.0   471.5   555.4  1314.7  8617.5  30326.8    30445  1715179035080  1715179045190
read      335.8   185.5   148.8   211.1   226.8   316.2   361.6   387.0   404.3   426.6   453.5   493.7   616.9  2034.1  7920.6  30251.4    30450  1715179046696  1715179056806
read      328.1   211.4   148.8   210.5   225.4   307.7   350.4   374.9   393.4   414.5   440.9   481.5   580.9  1747.2  8765.0  30389.0    30455  1715179058312  1715179068437
read      326.0   202.5   148.8   209.5   224.3   305.9   348.8   373.9   392.8   414.1   439.9   478.3   570.3  1577.1 10647.3  30596.6    30460  1715179069942  1715179080057
read      307.2   188.3   148.8   205.6   218.3   284.2   322.3   347.1   366.9   389.5   417.2   457.4   543.4  1773.1  8002.3  30446.3    30465  1715179081564  1715179091678
read      310.3   206.8   160.7   206.3   219.0   285.6   325.4   352.4   372.4   396.0   425.1   465.3   546.2  1573.0  8725.3  30496.7    30470  1715179093184  1715179103297
read      322.2   203.7   148.8   208.2   222.3   301.5   344.7   370.1   388.7   409.5   435.7   473.9   566.0  1488.1 10362.7  30464.8    30475  1715179104804  1715179114912
read      322.0   187.5   160.7   209.9   224.1   300.4   343.1   368.7   387.5   408.5   435.2   474.4   572.5  1509.3  8401.4  30347.9    30480  1715179116419  1715179126534
read      324.0   196.1   148.8   212.3   225.4   301.9   344.5   370.3   389.3   410.7   436.7   474.5   564.3  2166.5  8628.6  30490.1    30485  1715179128041  1715179138162
read      324.7   217.0   148.8   208.2   222.6   301.8   345.2   371.3   390.6   412.4   439.1   478.3   578.2  2068.5  9341.4  30514.4    30490  1715179139669  1715179149777
read      327.9   181.9   148.8   209.8   224.6   307.9   353.1   379.3   398.0   420.1   447.0   486.9   580.6  1350.2  7922.5  30467.2    30495  1715179151283  1715179161396
read      325.7   199.9   160.7   211.7   225.2   304.0   347.9   373.9   393.0   414.7   441.0   480.2   575.5  1465.1  8564.6  30506.1    30500  1715179162903  1715179173010