	#type	cpu_cores	avg	std	min	p5	p10	p50	p67	p75	p80	p85	p90	p95	p99	p999	p9999	QPS	target	ts_start	ts_end
0	read	2	422.9	803.2	173.5	228.6	249.1	376.7	420.6	443.9	461.3	482.0	508.4	557.7	1013.0	10545.4	31136.0	7457.4	7434	1715958568066.0	1715958573069.1943
1	read	2	490.6	988.4	160.7	224.7	240.7	365.8	442.2	491.3	529.7	576.5	637.4	751.4	2838.3	11524.7	35583.3	67167.6	67201	1715958573069.1943	1715958578072.389
2	read	2	383.9	266.0	160.7	222.2	237.3	347.3	411.9	451.3	481.2	518.6	568.6	645.6	824.2	2048.7	7871.7	85972.4	85927	1715958578072.389	1715958583075.583
3	read	2	397.0	387.5	160.7	221.1	235.1	349.3	423.9	468.2	503.9	546.7	600.9	680.1	900.6	2714.9	19288.0	63955.2	63953	1715958583075.583	1715958588078.777
4	read	2	398.7	401.2	160.7	215.8	228.6	354.2	441.8	493.4	528.1	564.7	605.4	663.5	866.7	1723.7	17014.4	31713.0	31595	1715958588078.777	1715958593081.9717
5	read	2	371.7	312.4	160.7	216.8	229.9	330.9	391.6	427.4	455.6	491.3	539.8	617.1	858.2	2470.5	14723.8	87834.6	87879	1715958593081.9717	1715958598085.166
6	read	1	503.3	1261.1	173.5	232.2	252.6	381.7	433.1	462.9	485.0	510.1	544.6	607.8	3891.6	28072.2	36982.1	7395.6	7287	1715958598085.166	1715958603088.3604
7	read	2	425.9	438.5	173.5	220.2	233.8	352.5	428.7	476.3	515.6	566.1	631.0	757.3	1606.4	4948.4	12870.9	62563.8	62295	1715958603088.3604	1715958608091.5547
8	read	1	440.6	1006.5	173.5	233.4	254.2	364.1	407.6	433.0	453.0	475.1	505.3	555.9	2443.5	14777.1	36670.8	6503.2	6561	1715958608091.5547	1715958613094.749
9	read	1	551.3	872.1	160.7	220.4	234.9	427.4	558.0	650.0	716.8	784.0	860.3	976.2	2962.7	9068.8	35311.2	22420.0	22532	1715958613094.749	1715958618097.9434
10	read	2	415.6	388.0	160.7	217.4	230.6	343.2	415.8	464.4	506.5	559.1	627.7	775.6	1544.1	3789.2	12601.3	60630.0	60653	1715958618097.9434	1715958623101.1377
11	read	2	391.7	325.2	160.7	217.4	230.3	344.8	421.2	466.8	503.8	547.5	601.8	679.3	894.5	2050.4	12711.0	58997.0	59076	1715958623101.1377	1715958628104.332
12	read	2	395.6	326.3	160.7	220.3	233.9	350.1	428.5	474.4	510.3	553.1	605.2	680.7	860.4	2057.1	15007.8	60205.0	60154	1715958628104.332	1715958633107.5264
13	read	1	492.8	671.0	160.7	219.4	233.4	417.1	524.1	583.8	635.9	705.6	789.8	910.3	1242.6	7983.2	31933.9	22900.6	22964	1715958633107.5264	1715958638110.7207
14	read	1	479.5	943.5	173.5	231.4	253.3	403.9	465.1	500.3	525.8	554.5	593.5	671.2	2083.3	12778.8	32489.7	8114.6	8172	1715958638110.7207	1715958643113.915
15	read	2	439.4	475.7	160.7	218.6	231.9	378.8	476.2	528.9	563.7	603.6	666.7	842.3	1200.1	3780.4	29240.3	27489.8	27652	1715958643113.915	1715958648117.1094
16	read	2	409.4	347.3	160.7	218.7	231.8	369.8	456.4	508.1	544.5	583.4	629.5	694.1	849.4	1614.8	12771.1	37512.6	37594	1715958648117.1094	1715958653120.3037
17	read	2	436.7	523.1	173.5	221.8	236.4	390.5	483.4	530.0	561.5	597.5	647.4	753.0	1021.2	3249.2	29619.8	24215.6	24367	1715958653120.3037	1715958658123.498
18	read	2	410.8	382.7	160.7	221.3	235.2	368.6	457.8	509.2	544.5	581.0	623.1	682.0	824.3	2350.1	21141.3	33637.8	33771	1715958658123.498	1715958663126.6924
19	read	2	378.2	232.5	160.7	220.2	234.3	343.5	407.7	447.2	476.4	513.5	563.0	637.7	798.8	1733.2	7750.5	84944.6	84944	1715958663126.6924	1715958668129.8867
20	read	2	382.8	256.1	160.7	220.7	235.0	346.8	412.3	452.0	481.9	519.1	568.9	645.9	821.3	2008.1	7686.3	85531.2	85666	1715958668129.8867	1715958673133.081
21	read	2	413.2	355.8	160.7	221.2	235.2	366.2	451.1	501.3	538.9	582.4	635.1	716.8	922.7	2967.3	15867.8	52006.6	51918	1715958673133.081	1715958678136.2754
22	read	2	410.7	327.8	160.7	218.6	231.1	371.6	457.6	509.0	545.4	584.3	632.3	700.6	868.2	1757.1	11927.2	34288.2	34406	1715958678136.2754	1715958683139.4695
23	read	2	417.3	358.5	160.7	220.5	234.0	375.6	466.6	518.0	550.6	585.6	627.4	688.1	926.0	3351.3	17497.3	28572.6	28664	1715958683139.4695	1715958688142.664
24	read	2	417.3	455.8	160.7	220.9	234.4	368.0	453.5	506.2	545.5	587.1	636.0	705.4	916.6	3473.5	29071.1	38333.4	38289	1715958688142.664	1715958693145.8584
25	read	1	580.2	1032.2	160.7	222.9	238.2	435.1	556.8	639.4	714.5	799.9	897.9	1052.8	3242.0	12648.0	32437.5	20519.6	20658	1715958693145.8584	1715958698149.0527
26	read	1	534.2	836.0	173.5	223.6	241.0	443.8	547.2	610.9	656.2	706.9	769.7	870.2	2777.0	7476.9	31934.4	13833.8	13840	1715958698149.0527	1715958703152.247
27	read	2	569.1	507.0	160.7	245.8	272.9	447.4	534.7	601.5	665.3	756.4	908.8	1587.2	2015.5	4871.2	15223.1	93114.6	93419	1715958703152.247	1715958708155.4414
28	read	2	425.7	471.5	160.7	228.9	247.6	373.5	437.2	478.6	510.8	552.3	611.2	710.4	1134.1	5218.4	25514.6	98135.0	98284	1715958708155.4414	1715958713158.6355
29	read	2	413.7	374.7	160.7	222.3	236.9	354.5	426.3	471.0	507.4	552.2	614.0	718.7	1472.0	3999.6	11886.6	71472.8	71313	1715958713158.6355	1715958718161.83
30	read	2	417.8	358.8	160.7	220.0	233.3	368.6	452.5	504.6	544.9	589.6	643.4	726.6	1066.0	3378.4	10894.2	42182.4	42089	1715958718161.83	1715958723165.0244
31	read	2	408.7	266.8	160.7	219.3	232.3	364.9	446.6	498.4	537.6	582.7	636.6	714.0	929.1	2049.9	9441.0	46597.8	46458	1715958723165.0244	1715958728168.2188
32	read	2	416.3	360.1	160.7	218.3	231.1	377.7	466.1	517.9	552.6	590.5	635.6	701.0	893.9	1941.5	14611.4	30813.0	30755	1715958728168.2188	1715958733171.413
33	read	2	415.0	363.9	160.7	221.2	235.0	365.6	449.5	501.8	541.2	585.5	636.5	710.9	937.5	3583.3	12583.0	42870.8	42889	1715958733171.413	1715958738174.6074
34	read	2	401.0	379.4	160.7	224.6	240.6	356.6	418.7	457.7	488.5	527.0	579.0	665.1	935.1	3877.8	13825.7	93640.4	93552	1715958738174.6074	1715958743177.8018
35	read	2	397.8	308.1	160.7	221.4	235.3	350.6	424.6	469.2	505.3	548.9	605.5	689.8	949.0	2497.1	8247.3	65667.8	65694	1715958743177.8018	1715958748180.996
36	read	2	418.2	540.7	160.7	220.0	233.0	370.0	455.9	505.9	540.1	576.7	619.3	681.4	883.4	7131.2	29015.5	29743.6	29574	1715958748180.996	1715958753184.1904
37	read	2	417.3	392.4	160.7	220.5	234.1	365.3	448.9	501.1	540.1	585.3	641.4	729.0	1020.8	3492.8	19857.3	51364.4	51355	1715958753184.1904	1715958758187.3848
38	read	2	406.0	396.4	160.7	220.2	233.7	354.9	432.9	480.9	517.6	561.4	617.9	704.7	951.4	2941.6	24166.8	67275.6	67361	1715958758187.3848	1715958763190.579
39	read	1	510.7	804.3	160.7	221.4	236.8	427.7	524.4	581.9	632.4	695.3	771.7	880.1	1910.9	8792.9	35978.0	16181.2	16287	1715958763190.579	1715958768193.7734
40	read	2	412.8	384.4	160.7	222.4	237.3	355.9	425.7	468.9	503.6	545.8	604.1	706.1	1568.8	3222.0	15388.5	81463.2	81508	1715958768193.7734	1715958773196.9678
41	read	2	401.6	345.2	160.7	224.1	239.9	356.2	421.9	462.9	495.3	535.3	588.2	675.3	954.9	3858.1	8187.6	87702.2	87619	1715958773196.9678	1715958778200.162
42	read	2	405.5	326.8	160.7	228.8	246.9	366.3	428.2	466.5	497.4	535.5	586.1	669.7	869.1	4148.1	9986.0	98921.4	99068	1715958778200.162	1715958783203.3564
43	read	2	412.1	441.8	160.7	220.5	233.8	359.5	440.1	490.2	528.2	573.9	629.6	710.1	948.4	4096.6	28702.2	51200.6	51267	1715958783203.3564	1715958788206.5508
44	read	1	494.7	816.5	173.5	224.5	243.1	424.6	510.4	561.6	599.3	645.7	701.7	787.6	1275.1	9741.0	31880.0	11883.2	11822	1715958788206.5508	1715958793209.745
45	read	2	457.3	362.4	160.7	227.5	246.9	383.9	453.6	498.1	534.2	581.7	654.4	852.4	1836.4	2947.2	10096.9	97401.2	97494	1715958793209.745	1715958798212.9397
46	read	2	428.7	390.0	160.7	226.0	244.1	373.1	443.6	489.8	526.6	574.0	641.8	764.4	1291.1	3464.3	17126.1	97424.2	97350	1715958798212.9397	1715958803216.1338
47	read	2	396.7	292.5	160.7	218.8	231.3	346.3	423.8	470.0	508.4	555.2	610.4	687.5	1017.7	2641.2	10095.7	55384.8	55460	1715958803216.1338	1715958808219.328
48	read	2	411.6	394.5	160.7	223.3	238.7	356.8	423.7	464.7	498.2	540.3	597.5	694.7	1550.8	3255.9	13604.5	86001.0	85984	1715958808219.328	1715958813222.5225
49	read	2	392.8	316.4	160.7	221.2	235.5	346.0	412.6	452.7	484.1	524.3	578.4	666.3	1052.2	3134.9	10529.1	81960.8	82043	1715958813222.5225	1715958818225.7168
50	read	2	396.8	346.7	160.7	220.0	233.0	348.2	425.0	471.3	509.7	555.8	610.4	683.2	897.1	2568.8	13211.5	52855.2	52873	1715958818225.7168	1715958823228.9111
51	read	1	556.6	1252.6	160.7	221.5	238.6	426.1	513.0	567.0	609.0	662.6	728.4	832.2	3996.0	26789.6	36349.4	13906.0	13911	1715958823228.9111	1715958828232.1057
52	read	2	448.9	499.5	160.7	219.3	232.7	364.8	449.5	507.2	552.5	606.4	680.8	864.1	1717.1	4800.8	28001.6	50001.6	49984	1715958828232.1057	1715958833235.2998
53	read	1	505.6	1296.2	173.5	224.1	243.0	390.8	451.0	488.7	517.2	550.4	594.5	676.3	3377.1	29283.1	38159.4	9264.6	9274	1715958833235.2998	1715958838238.494
54	read	2	452.7	543.3	160.7	216.8	230.0	375.8	478.0	532.6	569.8	615.4	686.1	888.1	1311.4	6134.7	28410.5	27056.4	27187	1715958838238.494	1715958843241.6885
55	read	1	552.3	859.3	173.5	221.9	237.3	443.3	559.2	641.5	701.3	765.0	838.1	956.8	2758.4	9916.0	35911.9	18730.0	18735	1715958843241.6885	1715958848244.8828
56	read	2	425.5	392.4	160.7	223.9	240.1	361.3	429.3	470.8	505.2	548.4	610.8	726.8	1728.0	3693.4	13752.3	86286.8	86505	1715958848244.8828	1715958853248.0771
57	read	2	399.4	362.2	160.7	222.8	238.6	353.7	417.2	456.5	487.3	525.8	577.1	662.7	1029.5	3828.0	11628.1	92988.8	93039	1715958853248.0771	1715958858251.2715
58	read	2	388.3	289.5	160.7	217.0	230.0	340.5	408.5	450.9	483.5	524.5	578.1	664.7	1099.9	3028.9	7841.6	75768.2	75999	1715958858251.2715	1715958863254.4658
59	read	2	402.7	350.2	160.7	215.4	228.2	356.9	445.6	497.4	532.7	569.7	611.7	672.0	906.9	3424.9	12790.6	32356.4	32324	1715958863254.4658	1715958868257.6602
60	read	2	388.3	342.3	160.7	219.6	233.3	343.4	406.8	446.3	476.4	515.2	567.2	650.6	1002.6	3164.3	13769.2	84437.4	84255	1715958868257.6602	1715958873260.8545
61	read	2	392.8	344.5	160.7	220.0	233.8	346.6	414.5	456.1	488.5	529.3	583.0	668.6	970.2	2946.6	9086.3	81790.2	81759	1715958873260.8545	1715958878264.0488
62	read	2	410.2	497.5	160.7	213.7	226.9	360.0	444.7	498.0	536.1	576.9	624.3	689.6	907.5	4067.7	27228.6	37269.8	37291	1715958878264.0488	1715958883267.2432
63	read	2	395.2	310.7	160.7	219.0	231.6	347.1	425.6	472.9	510.7	556.1	610.4	685.1	906.6	2115.1	8644.7	53789.2	53818	1715958883267.2432	1715958888270.4375
64	read	2	412.2	542.0	160.7	216.6	229.4	362.3	450.8	502.3	536.8	573.4	615.9	676.4	922.7	3743.7	30328.2	30407.6	30297	1715958888270.4375	1715958893273.6318
65	read	2	413.4	497.7	160.7	215.3	228.4	363.5	452.4	506.3	542.3	579.9	623.2	683.8	930.0	3882.1	28781.6	31541.6	31569	1715958893273.6318	1715958898276.8262
66	read	2	412.3	421.3	160.7	216.2	229.2	362.6	448.7	503.5	543.0	585.8	634.4	703.5	977.9	2778.9	25024.8	38981.6	38927	1715958898276.8262	1715958903280.0205
67	read	1	482.5	793.8	173.5	229.2	247.9	409.9	477.7	518.8	548.0	585.0	633.9	715.0	2315.7	8014.2	31216.5	10685.0	10652	1715958903280.0205	1715958908283.2148
68	read	2	412.0	362.6	160.7	225.3	242.1	358.3	420.8	459.4	490.5	529.8	582.7	676.9	1634.0	3764.1	12384.2	98005.6	98119	1715958908283.2148	1715958913286.4092
69	read	2	405.4	373.9	160.7	219.8	232.8	355.2	434.3	485.1	524.4	569.3	622.8	695.4	945.0	2576.2	18830.5	48418.4	48176	1715958913286.4092	1715958918289.6035
70	read	2	411.8	497.9	160.7	217.8	230.3	361.5	449.5	503.3	540.8	580.0	625.2	688.2	913.3	3478.5	29265.3	34856.6	34929	1715958918289.6035	1715958923292.798
71	read	2	400.2	414.8	160.7	220.4	233.9	346.4	416.5	460.9	496.5	539.9	594.9	681.6	1055.4	3942.5	19246.0	69878.2	69735	1715958923292.798	1715958928295.9922
72	read	1	483.8	583.3	160.7	221.5	235.8	411.0	513.3	569.2	616.0	689.9	788.6	914.1	1267.1	4588.5	28612.7	20734.8	20753	1715958928295.9922	1715958933299.1863
73	read	2	484.5	508.5	173.5	226.7	243.9	380.8	454.4	500.0	538.8	590.8	682.3	1441.1	1954.0	4794.4	13152.2	84627.4	84642	1715958933299.1863	1715958938302.3809
74	read	2	402.0	369.8	160.7	219.2	231.7	352.7	435.3	489.0	529.0	573.2	622.6	686.8	905.3	1874.9	20344.0	42200.0	42333	1715958938302.3809	1715958943305.5752
75	read	2	404.6	425.7	160.7	221.4	234.9	350.2	424.3	469.3	506.2	551.2	610.0	691.5	1096.2	3717.8	24913.3	61681.4	61587	1715958943305.5752	1715958948308.7695
76	read	2	394.4	376.2	160.7	222.4	236.9	344.4	411.2	452.6	484.8	526.1	580.6	665.5	1018.6	3381.4	19053.6	77799.8	77998	1715958948308.7695	1715958953311.964
77	read	2	385.4	329.9	160.7	224.9	240.6	347.4	405.5	441.4	468.9	504.0	549.5	626.0	845.7	3659.7	10014.7	97765.8	97625	1715958953311.964	1715958958315.1582
78	read	1	474.3	576.5	160.7	223.5	238.4	397.2	501.9	555.8	593.8	652.9	759.9	919.6	1257.3	5447.2	29487.4	23816.6	23781	1715958958315.1582	1715958963318.3523
79	read	2	417.7	350.1	160.7	223.0	237.5	354.3	428.7	475.4	514.1	562.5	626.5	734.1	1513.7	3771.6	10136.9	66917.2	66723	1715958963318.3523	1715958968321.5469
80	read	2	407.0	454.0	160.7	219.3	232.0	360.5	450.3	501.8	536.4	572.8	613.1	668.5	842.1	2586.2	28735.7	31023.2	31016	1715958968321.5469	1715958973324.7412
81	read	2	409.2	445.8	160.7	220.0	232.9	354.4	434.8	486.6	526.6	572.5	624.8	695.6	984.0	3608.0	24468.6	47296.0	47394	1715958973324.7412	1715958978327.9355
82	read	2	384.6	262.1	160.7	224.2	239.6	346.5	404.9	441.6	469.8	506.1	553.8	631.2	863.2	2751.5	8120.9	95394.0	95335	1715958978327.9355	1715958983331.13
83	read	1	460.8	1127.0	173.5	243.0	264.8	357.5	398.0	421.7	437.8	460.2	490.2	545.6	3173.7	20090.4	41371.6	5267.0	5252	1715958983331.13	1715958988334.3242
84	read	2	454.2	580.9	160.7	221.7	236.1	356.4	432.4	481.5	522.7	575.6	650.2	870.9	2119.6	6516.4	29439.0	65698.2	65908	1715958988334.3242	1715958993337.5186
85	read	1	546.4	1063.1	160.7	225.8	242.5	433.6	530.7	588.9	638.3	700.8	775.6	886.6	3119.4	15130.6	35842.5	16902.0	16889	1715958993337.5186	1715958998340.713
86	read	2	459.5	565.1	160.7	221.5	235.5	367.8	459.1	521.3	567.9	621.6	695.3	931.5	1565.2	7037.7	28422.2	42695.4	42912	1715958998340.713	1715959003343.9072
87	read	2	418.0	283.6	160.7	234.0	252.8	377.7	441.4	481.9	514.2	554.5	612.5	710.8	974.1	2281.2	10432.9	99857.6	99898	1715959003343.9072	1715959008347.1016
88	read	2	418.4	474.9	160.7	220.7	234.3	373.2	466.0	514.6	546.0	579.9	619.8	679.7	939.7	4242.5	29029.1	26445.8	26385	1715959008347.1016	1715959013350.296
89	read	1	557.9	942.7	173.5	223.7	239.7	437.7	566.4	651.8	713.7	779.9	858.9	989.4	2604.0	9035.8	35368.1	22622.4	22616	1715959013350.296	1715959018353.4902
90	read	2	403.6	444.3	160.7	218.0	230.4	345.4	423.3	472.8	513.0	561.0	616.2	688.1	1071.0	4072.3	27996.8	50588.2	50605	1715959018353.4902	1715959023356.6846
91	read	2	393.2	339.9	160.7	223.4	238.6	348.5	411.2	449.6	479.4	517.7	569.4	651.0	1160.3	2661.7	8788.6	90137.4	90283	1715959023356.6846	1715959028359.879
92	read	1	470.9	635.6	173.5	221.2	235.1	383.7	491.6	547.4	585.5	635.9	741.0	918.3	1360.2	6242.0	29658.8	26180.8	26273	1715959028359.879	1715959033363.0732
93	read	2	413.6	431.8	160.7	218.4	230.7	346.2	427.7	481.9	525.7	575.8	633.6	726.7	1325.2	4174.0	25032.2	48580.8	48521	1715959033363.0732	1715959038366.2676
94	read	2	395.1	352.7	160.7	215.7	228.3	346.8	436.4	490.4	527.8	565.9	607.0	662.3	804.5	2124.1	13786.3	34315.0	34058	1715959038366.2676	1715959043369.462
95	read	2	378.5	329.6	160.7	218.3	230.3	332.7	396.5	435.2	466.4	507.0	561.9	639.9	966.2	2456.9	12999.7	75675.4	75648	1715959043369.462	1715959048372.6562
96	read	1	511.4	793.0	160.7	223.2	239.3	425.6	527.8	587.9	640.1	702.7	773.4	869.8	1685.1	10215.0	32248.0	19440.0	19482	1715959048372.6562	1715959053375.8506
97	read	1	557.0	1134.2	160.7	225.4	243.3	434.1	530.9	587.6	629.2	676.4	734.0	832.1	3653.3	15505.5	36514.4	15107.6	15054	1715959053375.8506	1715959058379.045
98	read	2	506.5	590.9	160.7	222.5	238.0	376.3	451.5	499.9	542.9	605.8	743.4	1600.5	2146.7	5765.2	25253.0	75691.2	75754	1715959058379.045	1715959063382.2393
99	read	1	462.7	1314.4	187.4	240.0	260.2	347.3	384.6	405.5	423.5	443.9	471.0	526.6	3209.9	28812.9	37584.5	5251.6	5187	1715959063382.2393	1715959068385.4336
100	read	1	563.1	1115.9	160.7	224.3	241.0	440.1	548.5	619.3	669.7	724.0	786.9	888.0	3443.6	17697.6	32480.4	17564.2	17656	1715959068385.4336	1715959073388.628
101	read	2	407.6	544.5	160.7	224.3	239.8	352.2	414.2	452.6	482.7	521.5	575.6	673.8	1646.9	2960.1	9766.3	96408.6	96343	1715959073388.628	1715959078391.8225
102	read	2	399.7	354.0	160.7	217.4	229.7	350.2	437.8	493.8	532.5	572.5	616.6	675.7	868.6	2262.7	18074.9	36568.6	36665	1715959078391.8225	1715959083395.0166
103	read	2	377.8	298.6	160.7	220.2	233.2	334.8	396.6	433.4	462.7	499.9	548.9	627.7	933.7	2964.0	9352.6	85603.0	85269	1715959083395.0166	1715959088398.211
104	read	2	396.8	422.9	160.7	216.4	229.1	348.6	440.8	492.9	527.4	563.3	602.3	657.4	828.2	1643.7	28520.4	31437.4	31525	1715959088398.211	1715959093401.4053
105	read	2	395.0	344.4	160.7	220.3	233.1	345.6	420.3	465.8	503.4	550.1	608.4	686.7	1058.0	2092.8	8215.3	61766.0	61798	1715959093401.4053	1715959098404.5996
106	read	1	514.7	1082.3	173.5	228.1	246.1	414.5	492.2	538.3	571.4	610.2	661.4	741.1	3051.9	12602.8	37068.5	12323.4	12253	1715959098404.5996	1715959103407.794
107	read	2	483.6	608.0	160.7	222.2	236.6	393.2	503.7	561.0	602.0	663.1	774.0	932.0	1389.7	5535.2	29338.9	25741.8	25710	1715959103407.794	1715959108410.9883
108	read	2	493.2	497.9	160.7	224.2	240.2	377.2	447.9	496.1	538.3	598.6	715.5	1574.7	1940.4	2991.6	16040.0	79820.8	79937	1715959108410.9883	1715959113414.1826
109	read	1	541.4	1746.3	173.5	235.3	255.0	372.9	420.8	450.5	472.4	501.4	538.6	610.9	3783.4	31438.6	41861.4	7284.0	7271	1715959113414.1826	1715959118417.377
110	read	2	396.2	356.4	173.5	221.2	235.4	343.6	406.3	445.3	475.4	516.0	572.1	664.1	1480.9	3099.9	10433.8	85796.0	85861	1715959118417.377	1715959123420.5713
111	read	2	384.1	330.7	160.7	222.7	237.5	342.1	401.8	439.0	467.8	505.1	555.3	636.7	1005.5	2391.6	11451.3	91463.8	91467	1715959123420.5713	1715959128423.7656
112	read	2	392.6	400.3	160.7	222.4	236.8	341.1	410.2	452.2	485.7	529.0	584.2	667.5	1036.2	2711.8	25766.3	72164.8	72217	1715959128423.7656	1715959133426.96
113	read	2	415.2	545.1	160.7	220.4	233.9	358.3	453.3	507.9	542.7	578.7	619.2	676.0	955.6	3929.8	29478.9	31116.6	31080	1715959133426.96	1715959138430.1543
114	read	2	388.7	338.1	160.7	221.7	235.7	340.7	406.3	447.6	479.7	522.3	578.1	662.1	1032.5	2640.0	13730.4	76846.4	76878	1715959138430.1543	1715959143433.3486
115	read	2	387.0	323.8	160.7	221.8	236.1	343.0	407.6	447.0	477.1	516.5	568.7	647.7	934.3	2716.5	11290.9	84593.4	84584	1715959143433.3486	1715959148436.543
116	read	1	527.3	1171.5	173.5	228.5	246.7	419.4	499.2	547.2	584.2	626.8	680.6	770.2	2777.5	28284.2	32416.3	12509.2	12492	1715959148436.543	1715959153439.7373
117	read	2	415.2	400.2	160.7	217.9	230.7	345.0	421.1	471.0	513.7	566.0	631.9	769.9	1449.2	3504.8	11481.3	57236.4	57106	1715959153439.7373	1715959158442.9316
118	read	2	381.1	364.4	160.7	220.2	234.6	339.1	396.9	432.0	460.7	496.9	545.2	622.5	967.1	2753.4	15662.4	96068.8	96245	1715959158442.9316	1715959163446.126
119	read	1	486.4	1372.1	173.5	234.7	254.7	366.6	412.7	438.4	458.6	482.2	513.4	572.5	2876.8	28560.5	38856.3	6787.4	6791	1715959163446.126	1715959168449.3203
120	read	2	528.3	520.8	160.7	229.9	250.6	407.2	486.7	540.4	585.3	649.5	788.3	1605.8	1984.3	5218.4	15692.7	90709.0	90728	1715959168449.3203	1715959173452.5146
121	read	1	499.9	1656.8	173.5	232.3	254.7	343.1	377.6	399.1	415.9	435.0	465.1	532.9	3658.1	31123.3	37379.1	5172.6	5151	1715959173452.5146	1715959178455.709
122	read	2	426.6	498.4	160.7	218.9	232.6	351.9	422.0	465.7	501.3	546.2	612.9	747.1	1736.0	4209.9	25187.3	82604.0	82969	1715959178455.709	1715959183458.9033
123	read	2	399.5	293.6	160.7	214.2	227.2	353.0	437.7	492.4	532.1	575.0	624.4	690.1	910.4	1938.0	10190.0	42663.2	42635	1715959183458.9033	1715959188462.0977
124	read	2	390.8	336.5	160.7	223.5	239.5	352.4	412.3	449.1	477.0	512.7	562.1	637.4	910.4	2689.5	14466.1	99220.2	99337	1715959188462.0977	1715959193465.292
125	read	2	386.0	322.1	160.7	220.4	235.0	343.7	403.8	440.8	469.7	506.2	554.4	634.4	1074.1	2867.3	9981.4	95006.6	95192	1715959193465.292	1715959198468.4863
126	read	2	386.8	241.1	160.7	216.1	228.9	340.4	414.4	459.7	495.0	538.2	591.7	674.6	953.3	2193.4	7101.6	69114.2	69200	1715959198468.4863	1715959203471.681
127	read	2	398.1	336.9	160.7	215.9	228.7	350.0	430.2	481.3	520.9	565.2	618.1	688.0	915.2	2220.2	15529.8	49515.2	49459	1715959203471.681	1715959208474.875
128	read	1	459.1	732.5	160.7	214.7	228.0	367.9	471.6	528.6	566.8	611.9	680.8	876.3	1295.9	8667.9	31246.3	28852.4	29055	1715959208474.875	1715959213478.069
129	read	2	388.3	294.6	160.7	217.9	230.4	341.4	414.0	458.9	495.1	539.2	593.5	674.8	934.1	2137.2	12110.6	64516.0	64324	1715959213478.069	1715959218481.2637
130	read	1	503.0	1446.4	173.5	232.1	252.2	350.1	391.4	415.9	434.4	460.6	498.3	621.0	3877.1	30472.6	38094.3	5687.6	5705	1715959218481.2637	1715959223484.458
131	read	2	488.6	525.4	160.7	222.0	238.0	376.5	454.3	503.1	543.1	596.6	688.2	1517.2	1942.9	5253.9	15901.8	84445.8	84816	1715959223484.458	1715959228487.6523
132	read	2	472.7	689.2	160.7	214.6	228.0	387.6	493.2	547.7	588.9	653.5	761.7	910.1	1339.2	5875.2	30871.0	23489.8	23714	1715959228487.6523	1715959233490.8467
133	read	2	383.0	268.8	160.7	216.8	229.6	337.3	404.1	446.2	479.2	521.6	576.3	660.5	1020.2	2427.7	7418.8	74103.8	74116	1715959233490.8467	1715959238494.041
134	read	1	505.6	871.2	160.7	218.3	231.8	411.2	512.2	571.3	625.6	699.4	783.6	897.3	1778.6	10098.6	32275.6	19922.0	19948	1715959238494.041	1715959243497.2354
135	read	2	406.6	409.7	160.7	213.6	226.7	349.0	430.6	484.4	525.9	571.5	624.7	702.0	1154.4	4510.4	20467.3	44150.2	44213	1715959243497.2354	1715959248500.4297
136	read	1	516.3	783.0	173.5	214.5	228.9	425.8	538.7	614.6	675.0	738.5	805.8	909.1	1960.5	8131.0	34183.7	19448.8	19454	1715959248500.4297	1715959253503.624
137	read	1	527.1	1525.6	173.5	227.5	248.4	377.5	430.8	461.6	484.1	509.2	544.5	615.3	4025.0	30507.1	38326.6	7228.2	7190	1715959253503.624	1715959258506.8184
138	read	2	418.8	364.4	160.7	219.1	231.9	356.3	437.2	492.4	534.2	583.1	643.5	757.8	1329.5	3096.5	15587.5	47399.0	47657	1715959258506.8184	1715959263510.0127
139	read	2	447.8	407.1	160.7	222.4	237.4	391.2	487.7	543.4	583.8	632.5	694.6	797.0	1185.9	3780.2	13511.0	44240.0	44399	1715959263510.0127	1715959268513.207
140	read	2	370.7	761.9	173.5	229.8	249.3	341.3	369.2	384.4	394.7	405.5	424.0	451.4	551.4	7914.7	31036.4	6470.2	6481	1715959268513.207	1715959273516.4014
141	read	2	391.4	982.4	173.5	240.2	260.4	343.5	370.4	385.5	395.6	406.6	425.6	455.8	594.6	21164.8	32139.1	5918.4	5807	1715959273516.4014	1715959278519.5957
142	read	2	376.6	289.2	160.7	220.2	234.0	341.0	405.8	445.2	474.4	511.1	560.2	630.7	778.1	1334.4	11139.8	82948.0	83137	1715959278519.5957	1715959283522.79
143	read	2	384.3	682.2	160.7	226.0	242.6	362.9	401.1	420.1	432.2	447.4	464.9	495.5	575.8	7450.0	29619.4	9554.6	9580	1715959283522.79	1715959288525.9844
144	read	2	391.2	306.1	160.7	213.0	226.5	351.4	436.5	487.1	522.4	559.4	599.2	653.4	776.9	1501.9	12288.0	37312.4	37385	1715959288525.9844	1715959293529.1787
145	read	2	387.2	301.9	160.7	212.6	226.1	351.2	435.6	484.3	518.5	553.5	590.8	638.9	746.5	1156.0	14046.2	33652.0	33706	1715959293529.1787	1715959298532.373
146	read	2	388.2	293.2	160.7	213.3	226.7	349.6	434.7	484.6	519.8	556.6	594.5	643.9	758.0	1221.6	12543.7	35111.4	35204	1715959298532.373	1715959303535.5674
147	read	2	390.5	319.3	160.7	219.6	232.6	349.9	428.2	474.5	511.7	555.3	603.1	663.1	784.0	1281.7	12114.3	50377.2	50438	1715959303535.5674	1715959308538.7617
148	read	2	387.7	352.6	160.7	218.9	231.7	346.4	425.4	471.4	508.0	551.4	597.8	655.1	770.6	1151.3	16146.7	48819.8	48878	1715959308538.7617	1715959313541.956
149	read	2	390.3	367.0	160.7	217.0	229.8	346.8	429.2	479.6	516.9	558.1	601.8	656.3	762.2	1343.1	24665.2	42825.4	42682	1715959313541.956	1715959318545.1504
150	read	2	394.4	433.5	160.7	217.2	230.4	355.1	446.2	490.9	519.9	549.5	581.8	625.7	727.6	2637.7	28092.6	27439.6	27416	1715959318545.1504	1715959323548.3447
151	read	2	381.9	282.5	160.7	217.7	230.6	343.4	417.1	459.9	493.6	535.0	584.9	651.2	787.4	1228.4	7775.0	64456.2	64424	1715959323548.3447	1715959328551.539
152	read	2	384.6	278.5	160.7	217.7	230.7	345.7	420.2	463.4	497.0	537.6	586.3	654.3	802.8	1602.6	9969.6	64239.0	64364	1715959328551.539	1715959333554.7334
153	read	2	375.2	899.4	173.5	232.4	252.3	330.1	356.0	369.5	379.6	392.2	405.0	433.7	555.4	12156.7	31111.9	5517.4	5481	1715959333554.7334	1715959338557.9275
154	read	2	385.6	399.2	160.7	214.9	228.1	350.8	436.2	479.3	507.0	535.6	567.6	610.0	694.5	1447.7	27837.6	26045.2	26227	1715959338557.9275	1715959343561.122
155	read	2	383.4	273.0	160.7	214.7	227.7	351.0	438.1	482.3	510.9	540.1	572.3	615.0	710.2	1291.1	10133.1	26631.4	26586	1715959343561.122	1715959348564.3164
156	read	2	377.4	281.8	160.7	220.5	234.9	343.6	407.2	444.8	472.8	508.9	556.6	629.2	793.6	1552.7	7981.7	86178.6	86286	1715959348564.3164	1715959353567.5107
157	read	2	388.6	460.9	160.7	215.2	228.6	355.8	441.4	482.6	509.3	536.8	567.5	607.2	690.3	1226.4	28267.8	24561.4	24452	1715959353567.5107	1715959358570.705
158	read	2	385.3	357.9	160.7	214.7	227.7	349.6	437.6	480.8	509.6	538.7	571.2	614.1	698.4	1959.2	14924.4	26755.8	26832	1715959358570.705	1715959363573.8994
159	read	2	387.9	383.0	160.7	214.5	227.8	349.0	437.8	484.8	516.0	548.0	582.1	626.7	728.9	1214.9	25209.9	29820.2	29795	1715959363573.8994	1715959368577.0938
160	read	2	387.4	285.6	160.7	218.3	230.8	347.8	426.7	473.2	509.4	551.2	597.3	653.8	770.7	1264.3	11464.9	46231.6	46224	1715959368577.0938	1715959373580.288
161	read	2	381.0	285.3	160.7	221.2	235.9	346.4	411.7	450.6	479.8	516.4	564.0	635.5	793.7	1560.8	11475.3	84553.8	84587	1715959373580.288	1715959378583.4824
162	read	2	387.4	252.7	160.7	220.0	233.4	347.1	422.9	466.2	500.5	543.2	593.4	663.9	807.0	1586.4	8453.4	63383.8	63389	1715959378583.4824	1715959383586.6768
163	read	2	390.6	299.0	160.7	219.4	232.3	349.7	430.7	479.4	516.6	558.7	604.6	661.9	777.0	1122.4	11427.6	46800.0	46953	1715959383586.6768	1715959388589.871
164	read	2	375.0	242.7	160.7	221.5	236.2	343.8	404.7	441.8	469.6	504.4	549.2	621.3	767.8	1132.1	10193.7	90624.6	90536	1715959388589.871	1715959393593.0654
165	read	2	385.5	577.4	173.5	226.1	241.8	371.9	419.2	441.4	456.5	471.7	493.9	524.0	592.9	3965.6	29649.7	12503.0	12508	1715959393593.0654	1715959398596.2598
166	read	2	391.4	327.6	160.7	217.1	229.9	349.1	432.2	483.2	519.7	557.5	598.4	651.5	771.4	2078.0	16609.6	38435.4	38491	1715959398596.2598	1715959403599.454
167	read	2	373.5	290.8	160.7	222.5	237.7	343.2	400.3	434.6	461.4	494.5	538.4	606.6	757.2	1452.0	12254.0	97670.8	97806	1715959403599.454	1715959408602.6484
168	read	2	375.6	431.6	173.5	222.0	236.7	367.1	411.5	432.2	446.7	462.3	482.1	509.0	583.4	4758.6	24967.7	11780.0	11813	1715959408602.6484	1715959413605.8428
169	read	2	390.5	378.4	160.7	216.2	229.3	347.0	430.3	480.1	516.9	555.7	595.7	645.5	760.0	1544.2	20686.2	39535.4	39665	1715959413605.8428	1715959418609.037
170	read	2	386.7	277.6	160.7	220.0	233.3	346.2	423.2	467.7	503.3	546.5	595.3	656.9	772.8	1309.4	12233.5	53688.8	53571	1715959418609.037	1715959423612.2314
171	read	2	385.3	211.3	160.7	220.2	233.7	346.6	420.5	463.2	497.0	538.2	587.8	655.7	799.1	1669.7	7764.6	63182.4	63215	1715959423612.2314	1715959428615.4258
172	read	2	378.8	341.9	160.7	219.8	233.3	341.3	407.6	448.0	478.5	516.1	564.7	634.1	785.7	1313.0	19775.5	78846.4	78767	1715959428615.4258	1715959433618.62
173	read	2	371.2	514.9	173.5	226.8	244.1	356.4	390.9	407.5	420.2	432.9	452.4	479.8	572.8	7643.5	28826.2	8622.2	8615	1715959433618.62	1715959438621.8145
174	read	2	408.1	766.3	160.7	218.5	231.4	349.2	423.6	466.4	500.2	540.8	591.4	670.7	883.8	5330.8	43646.6	67758.6	67903	1715959438621.8145	1715959443625.0088
175	read	2	385.1	440.5	160.7	219.9	233.0	372.7	434.1	461.6	480.2	500.9	526.5	561.4	637.3	2885.8	28554.8	16393.0	16398	1715959443625.0088	1715959448628.2031
176	read	2	390.3	306.6	160.7	218.7	231.6	352.1	429.1	473.5	508.9	550.8	597.3	661.8	794.5	1410.6	13065.8	53419.4	53434	1715959448628.2031	1715959453631.3977
177	read	2	389.8	300.3	160.7	216.7	229.5	349.7	432.2	482.8	519.7	557.5	597.5	648.7	767.9	1424.2	12363.9	38076.0	38068	1715959453631.3977	1715959458634.5918
178	read	2	382.7	797.8	173.5	227.4	244.1	356.1	391.4	408.4	421.1	433.7	453.2	479.3	553.4	7912.4	31108.5	9051.4	9130	1715959458634.5918	1715959463637.786
179	read	2	384.5	281.5	160.7	218.7	231.7	344.7	417.6	460.6	494.4	534.9	584.8	657.4	818.6	1433.8	10652.1	69080.2	69227	1715959463637.786	1715959468640.9805
