col	#type	cpu_cores	avg	std	min	p5	p10	p50	p67	p75	p80	p85	p90	p95	p99	p999	p9999	QPS	target	ts_start	ts_end
0	read	1	364.5	533.5	173.5	229.9	249.0	346.6	375.8	391.4	401.1	414.6	430.0	457.9	539.4	7284.4	29219.5	7415.8	7434	1715957349212.0	1715957359217.578
1	read	2	391.8	328.7	160.7	220.1	233.4	342.1	412.7	455.7	489.7	533.0	586.4	667.7	976.4	3221.9	12002.8	67178.5	67201	1715957359217.578	1715957369223.1558
2	read	2	370.3	268.3	160.7	219.8	232.9	334.9	395.9	432.5	461.6	498.3	546.3	621.9	789.9	1646.1	8548.6	85968.9	85927	1715957369223.1558	1715957379228.7336
3	read	2	380.7	271.2	160.7	215.2	228.0	337.5	408.8	452.8	487.8	531.7	584.5	659.9	840.8	1881.7	10091.8	63849.2	63953	1715957379228.7336	1715957389234.3115
4	read	2	390.4	357.0	160.7	213.1	226.0	343.7	432.1	481.9	516.7	552.2	589.8	641.0	813.0	2935.8	14260.3	31605.5	31595	1715957389234.3115	1715957399239.8894
5	read	2	364.9	254.0	160.7	216.0	228.7	326.1	384.6	419.8	447.3	482.9	532.7	609.6	838.4	2141.9	9064.1	88106.9	87879	1715957399239.8894	1715957409245.4673
6	read	1	486.4	1182.8	173.5	226.2	246.8	372.9	426.3	456.4	477.8	504.2	538.9	606.1	3570.3	25421.4	35452.2	7303.9	7287	1715957409245.4673	1715957419251.0452
7	read	2	400.6	341.7	160.7	220.0	233.3	344.6	419.6	465.7	503.5	550.3	609.6	699.4	1228.5	2688.4	10177.8	62286.7	62295	1715957419251.0452	1715957429256.623
8	read	1	430.3	748.4	173.5	241.0	263.7	373.7	419.2	446.1	466.7	492.2	524.6	581.1	1237.0	9473.5	31663.8	6571.3	6561	1715957429256.623	1715957439262.201
9	read	2	469.3	532.1	173.5	220.2	233.9	396.7	498.5	552.8	593.6	661.2	775.6	933.2	1206.5	5477.7	28415.5	22475.2	22532	1715957439262.201	1715957449267.7788
10	read	2	400.7	334.3	160.7	220.6	234.2	346.9	422.1	467.8	505.5	551.9	610.5	697.7	1211.6	2085.6	12396.5	60599.1	60653	1715957449267.7788	1715957459273.3567
11	read	2	389.4	297.5	160.7	218.9	231.4	347.9	423.2	467.5	503.5	546.4	598.0	672.6	827.9	1902.2	11207.2	59092.8	59076	1715957459273.3567	1715957469278.9346
12	read	2	394.5	352.9	160.7	218.1	230.3	346.5	422.5	467.5	504.5	548.4	603.1	683.7	908.7	2578.7	13912.0	60215.4	60154	1715957469278.9346	1715957479284.5125
13	read	1	508.3	770.4	173.5	223.1	238.0	403.9	513.6	573.5	623.3	703.2	818.4	972.8	1711.7	10880.9	30885.7	22922.1	22964	1715957479284.5125	1715957489290.0903
14	read	1	519.8	1435.5	173.5	230.2	252.3	400.0	464.1	501.3	527.9	558.1	599.2	684.3	2991.6	26452.4	37018.8	8223.9	8172	1715957489290.0903	1715957499295.6682
15	read	2	440.3	559.6	173.5	217.0	229.8	369.2	463.8	517.6	553.0	593.0	649.4	801.3	1259.0	6437.7	30535.8	27681.3	27652	1715957499295.6682	1715957509301.246
16	read	2	408.7	337.5	160.7	219.5	232.0	360.2	445.0	498.8	537.6	579.5	627.6	693.2	996.2	3313.2	11113.5	37681.8	37594	1715957509301.246	1715957519306.824
17	read	1	471.4	636.3	173.5	217.5	230.5	384.0	485.4	540.0	578.7	630.2	731.9	920.0	1418.1	7489.6	30481.5	24326.8	24367	1715957519306.824	1715957529312.402
18	read	2	407.8	326.0	160.7	219.2	231.8	364.3	449.3	501.4	537.8	576.7	621.8	685.2	894.5	2859.1	12630.1	33687.8	33771	1715957529312.402	1715957539317.9795
19	read	2	381.1	280.7	160.7	220.0	233.2	339.1	402.0	441.3	471.7	511.2	563.7	641.8	862.7	2819.0	10795.2	85136.1	84944	1715957539317.9795	1715957549323.5576
20	read	2	388.8	319.8	160.7	221.7	236.0	343.4	406.3	445.9	476.5	516.6	569.9	651.2	961.1	3395.4	9640.4	85646.0	85666	1715957549323.5576	1715957559329.1355
21	read	2	393.5	235.3	160.7	218.1	230.2	348.1	425.8	472.9	511.8	557.1	611.7	685.3	896.8	2194.6	7841.0	51902.8	51918	1715957559329.1355	1715957569334.7134
22	read	2	405.7	346.7	160.7	217.9	230.2	363.0	448.2	500.4	537.2	576.5	622.1	685.2	872.4	2076.5	15146.0	34462.1	34406	1715957569334.7134	1715957579340.2913
23	read	1	433.5	516.9	160.7	221.1	234.6	371.4	465.7	518.5	553.0	590.0	639.2	745.4	1182.4	4849.0	29905.0	28658.9	28664	1715957579340.2913	1715957589345.8691
24	read	2	398.4	344.7	160.7	213.1	226.0	347.0	430.6	482.9	521.5	563.0	610.1	678.4	1043.3	3099.6	12623.8	38273.4	38289	1715957589345.8691	1715957599351.447
25	read	2	534.4	968.4	160.7	220.0	234.0	420.3	535.7	613.2	678.4	748.3	826.9	941.7	2128.6	12598.2	32246.1	20694.7	20658	1715957599351.447	1715957609357.025
26	read	1	525.5	961.7	173.5	225.9	243.4	426.1	516.5	571.8	612.5	658.9	715.8	803.7	2959.7	12159.8	36388.5	13812.7	13840	1715957609357.025	1715957619362.6028
27	read	2	421.6	601.3	160.7	224.3	239.7	354.5	418.5	456.9	487.4	527.1	582.0	679.9	1655.6	7363.3	30098.2	93272.2	93419	1715957619362.6028	1715957629368.181
28	read	2	378.0	289.7	160.7	223.6	238.4	340.3	397.6	432.1	459.3	493.3	539.8	614.1	848.6	2851.6	9551.3	98260.1	98284	1715957629368.181	1715957639373.7583
29	read	2	382.9	309.5	160.7	219.9	232.3	335.5	402.8	444.8	477.3	520.0	575.0	653.4	883.4	2862.0	10001.9	71298.8	71313	1715957639373.7583	1715957649379.3364
30	read	2	388.2	285.2	160.7	216.1	228.2	340.6	420.2	470.4	509.8	553.1	600.8	663.1	830.6	2408.2	9965.2	42031.5	42089	1715957649379.3364	1715957659384.9143
31	read	2	394.7	387.7	160.7	217.1	229.2	343.4	421.2	470.3	509.9	556.3	607.6	673.5	864.9	3835.8	12228.2	46468.8	46458	1715957659384.9143	1715957669390.4922
32	read	2	395.8	335.9	160.7	217.2	229.4	351.4	439.9	490.7	525.1	560.6	599.2	654.3	828.8	2404.4	15333.6	30777.1	30755	1715957669390.4922	1715957679396.07
33	read	2	396.5	390.4	160.7	218.0	229.8	346.6	425.8	475.4	515.1	558.7	607.3	672.3	869.9	3067.7	21762.2	42910.5	42889	1715957679396.07	1715957689401.648
34	read	2	373.2	371.2	160.7	221.2	234.8	333.7	391.9	426.6	453.9	488.5	535.8	610.1	838.9	2897.7	8373.5	93560.6	93552	1715957689401.648	1715957699407.2258
35	read	2	381.1	319.5	160.7	218.3	230.2	333.1	400.7	442.7	476.4	521.3	578.1	656.3	906.4	2526.0	10080.5	65725.6	65694	1715957699407.2258	1715957709412.8037
36	read	2	403.3	433.7	160.7	218.7	230.7	355.5	447.3	497.4	531.1	566.2	605.0	660.3	872.8	2859.7	25703.8	29541.2	29574	1715957709412.8037	1715957719418.3816
37	read	2	388.0	323.1	160.7	217.7	229.6	339.7	415.1	462.6	500.8	546.9	600.6	670.3	842.7	2428.5	15851.5	51474.0	51355	1715957719418.3816	1715957729423.9597
38	read	2	381.6	370.0	160.7	219.0	230.9	333.3	400.6	442.1	474.8	518.6	575.0	651.4	874.6	2907.4	17319.0	67388.5	67361	1715957729423.9597	1715957739429.5374
39	read	1	531.0	903.5	173.5	225.4	242.3	434.9	535.1	599.3	646.2	696.7	757.0	850.5	2524.8	12480.4	32096.1	16265.4	16287	1715957739429.5374	1715957749435.1152
40	read	2	405.6	349.4	160.7	220.8	234.0	341.7	406.4	444.9	475.7	519.1	580.3	687.5	1717.1	2973.2	8662.9	81653.3	81508	1715957749435.1152	1715957759440.693
41	read	2	377.9	311.2	160.7	220.7	233.8	334.7	394.2	429.5	457.6	493.7	542.8	623.2	970.0	3493.8	11680.5	87579.9	87619	1715957759440.693	1715957769446.271
42	read	2	371.6	295.3	160.7	221.4	235.4	334.3	389.4	422.3	447.7	479.6	525.2	596.4	837.1	3115.9	9860.2	99103.2	99068	1715957769446.271	1715957779451.8489
43	read	2	384.6	310.6	160.7	216.8	228.8	337.9	411.8	458.5	496.3	542.3	594.8	664.7	852.6	1961.1	10469.3	51417.7	51267	1715957779451.8489	1715957789457.4268
44	read	1	511.3	1058.0	173.5	231.5	250.1	414.9	489.7	534.5	567.6	606.5	658.3	744.0	2512.2	15884.7	33107.8	11775.7	11822	1715957789457.4268	1715957799463.0046
45	read	2	415.3	393.0	160.7	222.2	237.3	350.4	412.8	450.4	479.4	517.5	572.8	680.5	1742.7	3693.7	10210.5	97503.4	97494	1715957799463.0046	1715957809468.5825
46	read	2	363.4	258.6	160.7	220.0	232.9	328.8	384.0	416.3	440.8	471.7	517.2	587.9	784.0	2253.5	7925.7	97143.1	97350	1715957809468.5825	1715957819474.1604
47	read	2	384.4	361.2	160.7	216.6	228.6	334.7	406.8	453.0	490.5	538.3	593.2	662.9	841.1	2805.6	14848.1	55388.8	55460	1715957819474.1604	1715957829479.7383
48	read	2	372.0	294.6	160.7	219.3	231.6	330.4	390.3	426.1	454.2	489.9	539.3	619.0	897.4	2750.1	9179.8	86137.8	85984	1715957829479.7383	1715957839485.3162
49	read	2	367.1	284.8	160.7	217.3	229.4	325.9	386.1	422.3	451.0	487.7	538.0	616.2	847.5	2324.6	8725.8	81969.3	82043	1715957839485.3162	1715957849490.894
50	read	2	386.3	449.6	160.7	215.8	227.9	334.4	407.3	454.3	492.2	539.1	592.5	661.8	847.5	2402.5	28480.9	53046.6	52873	1715957849490.894	1715957859496.472
51	read	1	505.1	941.3	173.5	225.2	242.5	418.8	501.7	551.4	587.9	631.0	683.6	770.3	2416.7	10811.2	35382.5	13905.4	13911	1715957859496.472	1715957869502.0498
52	read	2	402.5	410.4	160.7	216.1	228.5	339.7	417.7	468.0	508.9	557.2	614.6	703.0	1223.4	4321.2	16111.9	49970.1	49984	1715957869502.0498	1715957879507.6277
53	read	1	489.7	1004.6	173.5	231.6	251.3	397.4	459.2	495.0	520.8	549.5	587.6	656.8	3071.5	12761.1	35408.4	9297.0	9274	1715957879507.6277	1715957889513.2056
54	read	2	476.1	619.3	160.7	220.7	234.6	380.4	488.7	546.9	588.0	648.4	765.3	929.1	1562.7	6338.4	29598.4	27168.9	27187	1715957889513.2056	1715957899518.7834
55	read	1	530.5	881.7	173.5	222.2	237.7	435.1	543.1	614.2	665.1	718.9	781.1	875.5	2635.4	8280.9	36612.4	18768.9	18735	1715957899518.7834	1715957909524.361
56	read	2	419.6	368.4	160.7	219.7	233.6	346.4	409.0	446.3	475.9	518.0	581.4	741.3	1768.9	3521.3	9416.4	86397.9	86505	1715957909524.361	1715957919529.9392
57	read	2	361.5	233.6	160.7	218.0	230.5	326.2	382.2	415.0	439.5	470.9	516.2	587.5	799.4	2528.2	6242.0	92953.1	93039	1715957919529.9392	1715957929535.517
58	read	2	368.3	267.9	160.7	214.6	227.3	326.6	390.0	427.8	457.6	496.1	547.9	627.8	864.5	2061.5	8101.1	75969.7	75999	1715957929535.517	1715957939541.095
59	read	2	388.3	386.3	160.7	209.1	222.0	342.9	430.7	479.6	513.5	549.4	588.8	641.4	818.8	3047.4	21351.1	32435.0	32324	1715957939541.095	1715957949546.6729
60	read	2	372.3	296.5	160.7	215.2	228.3	329.9	391.1	428.0	456.9	493.7	543.7	624.9	1000.3	2197.0	10076.7	84249.4	84255	1715957949546.6729	1715957959552.2507
61	read	2	366.3	284.5	160.7	213.2	226.3	326.0	386.6	422.7	450.9	486.8	536.5	614.2	873.4	2458.4	8013.3	81888.4	81759	1715957959552.2507	1715957969557.8286
62	read	2	387.5	415.5	160.7	211.0	223.9	339.3	422.3	472.0	508.7	547.5	589.9	646.8	828.9	2741.6	28349.3	37287.2	37291	1715957969557.8286	1715957979563.4065
63	read	2	386.0	346.2	160.7	215.1	227.9	339.7	414.3	459.7	496.2	540.7	593.0	665.8	856.3	1793.1	12809.9	53774.7	53818	1715957979563.4065	1715957989568.9844
64	read	2	391.1	430.1	160.7	209.6	222.6	344.5	433.5	481.4	514.6	549.1	586.9	638.6	808.0	3944.8	28728.3	30297.9	30297	1715957989568.9844	1715957999574.5625
65	read	2	386.8	332.0	160.7	210.5	223.5	341.8	430.9	479.0	512.2	547.1	585.6	637.6	810.8	2265.4	13417.1	31604.2	31569	1715957999574.5625	1715958009580.14
66	read	2	391.0	283.2	160.7	213.5	226.4	347.2	430.2	480.2	517.5	557.7	603.3	668.0	854.0	1788.1	11087.9	38933.6	38927	1715958009580.14	1715958019585.718
67	read	1	509.7	1086.5	173.5	224.7	244.0	409.6	483.1	525.2	553.8	586.6	630.2	703.9	3107.9	15677.9	36129.9	10642.3	10652	1715958019585.718	1715958029591.296
68	read	2	405.9	346.1	160.7	221.5	236.8	349.4	409.8	446.4	474.9	513.3	567.1	665.0	1676.6	2992.7	10614.2	98109.6	98119	1715958029591.296	1715958039596.8738
69	read	2	387.0	346.2	160.7	215.3	227.8	336.9	413.9	462.8	501.7	547.3	598.3	667.4	887.4	2320.2	12608.3	48178.7	48176	1715958039596.8738	1715958049602.4517
70	read	2	403.2	406.5	160.7	214.9	227.7	353.3	442.0	494.7	532.0	571.2	614.8	675.7	874.3	3827.2	21445.9	34841.1	34929	1715958049602.4517	1715958059608.0295
71	read	2	473.9	492.5	160.7	221.9	237.8	360.4	436.2	495.1	546.2	621.6	787.3	1166.2	1870.5	3655.3	18997.8	69840.4	69735	1715958059608.0295	1715958069613.6074
72	read	1	489.5	430.0	160.7	217.3	231.5	428.6	549.4	634.9	694.7	754.9	821.2	914.8	1087.6	3816.7	19920.3	20758.1	20753	1715958069613.6074	1715958079619.1853
73	read	2	428.1	338.1	160.7	223.0	239.1	365.8	438.6	486.6	524.4	571.9	637.2	767.0	1671.0	2990.4	10072.7	84611.1	84642	1715958079619.1853	1715958089624.7632
74	read	2	387.4	364.7	160.7	215.9	228.5	344.0	425.3	473.7	510.7	551.8	595.0	652.0	777.9	1342.1	21691.1	42355.1	42333	1715958089624.7632	1715958099630.341
75	read	2	378.3	245.8	160.7	218.2	230.5	339.6	411.2	454.1	487.4	529.1	579.8	645.2	786.1	1350.6	8222.0	61618.1	61587	1715958099630.341	1715958109635.919
76	read	2	373.4	250.3	160.7	219.1	231.8	336.0	401.5	441.0	470.8	509.1	559.3	632.2	789.3	1676.1	8040.5	78197.0	77998	1715958109635.919	1715958119641.4968
77	read	2	366.2	255.2	160.7	222.2	236.8	337.6	393.4	426.6	452.3	484.0	527.4	592.8	734.8	1107.8	9164.1	97748.0	97625	1715958119641.4968	1715958129647.0747
78	read	2	384.7	353.5	160.7	215.5	228.3	355.2	441.2	479.8	504.9	532.0	562.2	601.5	687.6	1417.6	19315.1	23777.7	23781	1715958129647.0747	1715958139652.6526
79	read	2	375.8	236.4	160.7	218.2	230.5	337.9	407.4	449.8	481.7	521.9	572.5	640.0	783.8	1418.3	8016.8	66871.4	66723	1715958139652.6526	1715958149658.2305
80	read	2	387.1	293.9	160.7	214.0	227.2	348.1	438.2	484.9	516.1	548.3	583.9	631.4	740.0	1456.2	11066.6	31048.2	31016	1715958149658.2305	1715958159663.8083
81	read	2	381.2	270.7	160.7	213.9	226.8	341.8	418.5	464.5	500.6	542.1	588.1	646.8	774.3	1379.8	10098.2	47445.9	47394	1715958159663.8083	1715958169669.3862
82	read	2	360.6	201.3	160.7	218.2	230.9	331.4	388.9	423.1	449.5	481.8	525.8	591.4	737.7	1085.4	7593.7	95333.4	95335	1715958169669.3862	1715958179674.964
83	read	2	353.6	328.3	173.5	237.1	259.1	334.7	359.1	371.7	382.1	394.2	408.3	435.7	562.5	4732.4	12386.2	5214.3	5252	1715958179674.964	1715958189680.542
84	read	2	376.7	237.2	160.7	218.4	230.8	337.8	408.4	451.3	484.2	525.8	577.1	643.0	786.4	1436.5	7782.7	65737.5	65908	1715958189680.542	1715958199686.12
85	read	2	386.7	497.9	160.7	221.9	235.7	373.1	435.4	462.8	481.2	501.1	526.1	560.1	638.5	2465.3	29042.4	16770.2	16889	1715958199686.12	1715958209691.6978
86	read	2	385.8	326.9	160.7	214.8	227.6	344.2	424.8	471.4	507.6	548.2	591.9	649.7	786.7	1594.8	12124.6	42962.3	42912	1715958209691.6978	1715958219697.2756
87	read	2	363.0	267.7	160.7	220.7	234.9	334.8	389.7	422.4	447.6	478.8	521.2	586.5	729.7	1054.1	8718.1	99886.4	99898	1715958219697.2756	1715958229702.8535
88	read	2	388.7	451.8	160.7	214.5	227.6	351.3	440.1	481.4	508.8	537.6	569.8	612.9	703.6	1775.4	28753.6	26374.9	26385	1715958229702.8535	1715958239708.4314
89	read	2	382.5	256.7	160.7	214.7	227.8	359.1	441.9	477.8	501.8	527.6	555.8	593.5	686.6	1479.1	9963.6	22572.8	22616	1715958239708.4314	1715958249714.0093
