#type       avg     std     min      p5     p10     p50     p67     p75     p80     p85     p90     p95     p99    p999   p9999      QPS   target       ts_start         ts_end
read      325.6   445.5    80.4   154.9   186.9   295.0   331.2   350.9   365.6   383.6   409.1   462.6   836.9  7870.7 16616.5   4935.8     5000  1715786454207  1715786459694
read      327.6   286.2    68.9   134.2   158.8   314.1   369.7   399.7   421.3   446.2   477.9   528.7   644.1  1841.2 12924.1   9983.9    10000  1715786461201  1715786466617
read      371.9   232.6    68.9   131.7   154.7   353.0   437.7   485.4   517.2   551.4   591.4   647.6   778.5  1594.4  9858.5  15038.8    15000  1715786468122  1715786473463
read      396.4   282.9    63.8   126.5   148.8   359.2   469.7   536.3   581.5   627.4   680.9   767.2   945.9  1942.7 10249.4  20047.4    20000  1715786474968  1715786480284
read      398.1   289.1    63.8   121.5   143.3   347.4   476.2   551.3   600.6   650.6   709.7   805.7  1044.6  1587.1  7930.0  24938.6    25000  1715786481790  1715786487107
read      430.4   391.8    63.8   123.3   144.3   331.1   484.3   590.7   667.9   749.0   851.8   995.4  1237.2  3101.2 11667.1  29977.4    30000  1715786488611  1715786493923
read      420.2   338.4    63.8   123.1   143.1   306.2   458.2   573.1   673.5   773.6   880.0  1028.2  1260.0  1626.8 10153.2  35051.6    35000  1715786495427  1715786500728
read      433.8   364.2    63.8   126.2   145.6   302.8   450.1   569.0   688.5   814.1   949.3  1132.2  1383.6  1789.4 10006.1  39950.4    40000  1715786502232  1715786507542
read      437.5   405.1    59.1   125.0   144.3   293.8   420.2   532.2   654.3   820.0  1013.8  1236.8  1547.6  2047.2 10232.2  45041.4    45000  1715786509047  1715786514360
read      437.2   422.3    59.1   128.1   146.9   292.3   407.4   508.5   625.3   798.2  1013.6  1286.0  1672.0  2083.8 13617.9  49923.2    50000  1715786515865  1715786521178
read      422.3   414.0    63.8   123.9   142.5   273.0   366.5   447.4   536.2   741.8  1043.6  1365.5  1774.4  2240.8  9536.9  54972.6    55000  1715786522684  1715786527983
read      460.1   467.5    59.1   133.4   154.7   306.2   402.8   479.9   553.9   712.3  1076.0  1538.3  2047.7  2713.9  9929.1  59969.8    60000  1715786529489  1715786534801
read      462.1   482.4    59.1   134.3   156.3   306.3   396.6   468.9   542.6   692.0  1057.8  1599.8  2136.0  2957.4 10679.9  65018.4    65000  1715786536305  1715786541599
read      455.0   503.5    63.8   133.1   154.1   292.9   378.2   446.1   511.2   647.6  1058.3  1645.2  2216.9  2982.1 12572.5  70153.0    70000  1715786543103  1715786548414
read      452.6   506.9    63.8   133.2   154.7   292.3   378.4   444.4   509.9   646.5  1023.9  1634.7  2266.9  3088.1 11534.2  74796.2    75000  1715786549919  1715786555214
read      740.5  1159.1    63.8   175.1   216.4   399.0   587.5   773.0  1170.0  1515.5  1720.3  2022.3  3007.6 12451.2 36850.2  76735.8    80000  1715786556719  1715786562018
read      641.5   903.8    59.1   155.6   187.2   360.2   502.3   628.1   806.1  1185.3  1582.5  2019.0  3187.4  8660.0 31076.8  81683.6    85000  1715786563524  1715786568831
read      889.0  1300.4    86.8   247.4   275.3   472.4   741.8  1445.1  1575.2  1688.8  1813.2  2012.3  2947.9 17060.3 32948.6  75347.5    90000  1715786570335  1715786575633
read      868.7  1309.6    80.4   232.4   259.7   455.4   703.8  1413.3  1545.3  1666.8  1787.0  2015.4  2970.8 16797.9 36868.3  76962.7    95000  1715786577137  1715786582430
read      930.5  1372.8    86.8   271.0   297.2   488.8   832.6  1476.8  1618.6  1719.1  1844.6  2046.5  2967.2 18388.7 35400.4  72340.5   100000  1715786583935  1715786589221
read      834.3  1302.2    74.4   229.5   255.2   439.8   638.3  1382.0  1513.0  1637.5  1750.2  1944.6  2912.8 17120.4 34506.1  80289.6   105000  1715786590725  1715786596025
read      890.9  1335.4    93.8   255.7   280.7   474.3   727.4  1438.0  1559.1  1681.2  1806.1  1991.3  2969.3 17172.6 35486.5  75484.0   110000  1715786597530  1715786602822
read      878.5  1125.8    86.8   251.1   276.5   493.1   831.2  1469.3  1596.5  1694.7  1811.6  1998.7  2854.0 12797.5 32343.8  75884.4   115000  1715786604327  1715786609621
read      876.0  1355.0    74.4   249.9   274.0   462.4   702.1  1427.2  1549.2  1670.2  1786.9  1980.8  2918.5 17258.9 35447.5  76969.0   120000  1715786611127  1715786616427
read      869.3  1334.9    80.4   245.2   270.1   463.1   689.9  1428.4  1548.2  1669.6  1787.5  1969.6  2921.8 17180.3 36193.9  77481.8   125000  1715786617932  1715786623251
Warning! Detected max cpu usage > 95%
CPU Usage Stats (avg/min/max): 87.33%,66.83%,100.00%

#type       avg     std     min      p5     p10     p50     p67     p75     p80     p85     p90     p95     p99    p999   p9999      QPS   target       ts_start         ts_end
read      327.5   425.8    68.9   166.4   198.8   304.8   336.1   352.8   365.5   380.5   401.2   438.0   608.4  6377.7 17254.8   4974.4     5000  1715786660941  1715786666363
read      359.8   433.2    68.9   151.0   175.3   338.4   395.9   427.1   448.5   471.5   503.2   551.4   695.2  4337.2 19472.7  10043.2    10000  1715786667868  1715786673249
read      391.6   262.5    68.9   146.8   173.5   371.3   457.5   504.6   536.4   572.0   613.3   673.3   830.2  1607.5 12074.7  15033.2    15000  1715786674755  1715786680071
read      397.0   263.3    63.8   136.4   161.2   366.5   468.5   530.1   573.1   617.1   663.5   727.9   863.8  1560.1  8784.8  20067.8    20000  1715786681576  1715786686905
read      413.7   435.8    68.9   127.7   150.0   358.1   484.9   563.4   616.0   667.4   724.8   807.6   995.9  4026.5 11888.2  24958.5    25000  1715786688410  1715786693732
read      418.1   346.0    63.8   128.7   149.8   339.7   484.8   586.0   652.3   712.8   780.1   874.6  1096.0  2933.5 11970.0  29908.6    30000  1715786695237  1715786700547
read      434.1   352.1    59.1   129.2   149.7   323.4   481.8   602.5   697.6   783.4   878.1  1017.3  1266.4  1621.0 10675.7  34785.2    35000  1715786702052  1715786707358
read      428.3   368.7    63.8   128.2   147.6   302.6   440.6   568.0   689.9   798.5   918.6  1088.3  1352.4  1688.0 10198.0  40026.0    40000  1715786708863  1715786714163
read      423.6   384.3    59.1   122.4   141.6   287.0   415.3   536.2   664.5   803.4   952.7  1161.0  1447.6  1841.4 10065.7  44959.8    45000  1715786715668  1715786720974
read      408.9   395.0    63.8   119.4   137.5   271.4   381.0   494.0   616.3   776.2   942.5  1175.9  1467.1  1853.1 11070.9  50052.2    50000  1715786722479  1715786727790
read      431.4   458.1    63.8   124.9   144.5   279.2   369.6   446.6   533.3   732.4  1075.6  1417.3  1840.9  2285.1 14807.4  54770.4    55000  1715786729295  1715786734606
read      422.5   456.0    59.1   121.1   139.9   267.8   353.8   421.0   485.4   605.3  1090.5  1498.2  1950.5  2534.9 10546.3  59987.3    60000  1715786736111  1715786741410
read      415.1   438.7    63.8   121.5   140.4   271.6   355.9   420.3   481.5   588.1   960.1  1473.4  1980.7  2479.2 10077.0  64780.0    65000  1715786742915  1715786748221
read      452.7   488.3    63.8   131.3   152.7   296.2   380.7   446.1   507.4   626.8  1046.0  1665.8  2190.6  2939.1 10571.4  70023.4    70000  1715786749725  1715786755022
read      440.1   494.5    59.1   129.7   149.9   276.5   357.9   424.8   495.7   660.4  1062.1  1569.2  2174.7  2871.1 10918.0  74919.6    75000  1715786756526  1715786761834
read      756.9   993.7    59.1   186.2   226.7   408.5   616.6   915.0  1389.9  1574.8  1742.6  2025.9  3045.4 10075.2 31662.9  76612.2    80000  1715786763338  1715786768643
read      800.2  1187.7    68.9   220.6   245.1   427.3   617.0  1339.2  1481.8  1611.0  1725.6  1889.6  2893.8 13359.1 34526.9  81224.4    85000  1715786770148  1715786775445
read      890.4  1199.2    80.4   254.4   279.3   491.8   870.0  1471.4  1605.9  1700.9  1821.7  2016.2  2857.5 16631.1 32208.1  75030.6    90000  1715786776949  1715786782241
read      811.4  1097.2    74.4   229.3   253.6   444.1   645.1  1397.4  1510.5  1633.4  1745.8  1920.1  2825.8 12887.1 31882.2  81709.6    95000  1715786783746  1715786789062
read      882.0  1295.3    68.9   250.1   276.1   465.4   727.0  1442.1  1566.4  1679.9  1798.3  1995.2  2936.7 13386.8 32350.0  76109.4   100000  1715786790567  1715786795863
read      825.1  1102.3    80.4   236.0   259.2   460.6   676.2  1416.3  1528.7  1649.7  1758.1  1922.5  2807.5 13626.7 32402.3  80580.6   105000  1715786797368  1715786802666
read      818.3  1273.6    63.8   224.5   248.4   432.2   625.3  1356.1  1498.9  1622.0  1732.1  1930.4  2860.5 17075.4 35144.0  81720.0   110000  1715786804171  1715786809470
read      871.3  1318.9    86.8   252.7   276.5   453.4   692.9  1426.1  1543.0  1668.1  1789.5  1976.6  2937.2 16580.5 35810.9  76992.8   115000  1715786810974  1715786816280
read      851.8  1110.7    86.8   247.9   272.4   469.1   731.7  1446.6  1565.5  1675.8  1785.3  1958.6  2822.9 16429.1 31708.8  78000.4   120000  1715786817784  1715786823083
read      901.7  1355.8    86.8   259.7   285.1   479.0   748.3  1456.9  1581.7  1695.7  1819.2  2002.3  2930.4 17520.2 35555.3  74532.1   125000  1715786824588  1715786829890
Warning! Detected max cpu usage > 95%
CPU Usage Stats (avg/min/max): 87.49%,61.00%,100.00%

#type       avg     std     min      p5     p10     p50     p67     p75     p80     p85     p90     p95     p99    p999   p9999      QPS   target       ts_start         ts_end
read      317.8   401.4   101.3   171.0   196.4   295.0   326.9   344.2   357.7   372.1   394.2   432.8   702.2  5728.0 12197.3   5004.2     5000  1715786842642  1715786848084
read      360.3   294.7    74.4   160.3   187.6   345.3   405.5   437.2   458.4   481.8   509.1   548.8   643.2  3842.4 13606.1   9991.6    10000  1715786849592  1715786854960
read      369.8   238.0    68.9   143.9   170.1   349.1   432.2   476.7   505.5   537.4   575.4   626.8   729.9  2157.9 10726.8  15068.0    15000  1715786856464  1715786861776
read      383.6   295.6    68.9   132.2   157.1   353.8   450.9   508.3   547.2   589.6   632.9   688.8   811.3  1865.1 13952.7  19987.2    20000  1715786863282  1715786868594
read      416.3   310.9    63.8   128.6   151.3   368.1   494.6   573.2   626.3   678.4   736.5   824.7  1026.7  1992.8 10687.1  24824.6    25000  1715786870099  1715786875421
read      405.4   331.1    63.8   122.1   142.6   329.3   471.8   569.8   636.6   696.5   765.1   867.6  1075.4  1500.8 12445.9  29929.4    30000  1715786876925  1715786882239
read      424.7   318.5    63.8   124.7   144.8   316.9   470.5   586.7   681.3   769.2   869.9  1014.7  1271.0  1575.5  7704.4  34981.0    35000  1715786883743  1715786889048
read      425.3   342.7    63.8   123.8   143.3   300.9   446.0   563.7   680.2   788.8   914.6  1099.9  1377.4  1692.9  6488.1  39895.8    40000  1715786890553  1715786895852
read      428.1   377.3    63.8   123.2   142.5   288.9   410.9   524.7   647.7   804.9   984.6  1207.6  1495.8  2019.7  6942.5  44962.0    45000  1715786897357  1715786902658
read      428.5   420.6    63.8   124.1   143.1   282.3   388.1   487.0   592.3   790.8  1023.0  1293.9  1646.1  2024.6 11730.6  50063.8    50000  1715786904162  1715786909464
read      425.7   433.3    63.8   124.1   143.2   274.7   367.0   441.8   520.4   711.4  1079.5  1404.3  1810.9  2317.3 10543.8  55163.4    55000  1715786910969  1715786916272
read      414.4   494.8    59.1   122.2   140.0   261.9   345.3   411.5   483.2   638.0  1062.5  1422.7  1849.7  2407.9 14603.0  60280.6    60000  1715786917776  1715786923070
read      416.5   456.4    59.1   120.7   139.8   268.7   356.2   426.3   491.5   607.3   996.8  1435.5  1951.8  2525.3 12802.8  64834.6    65000  1715786924576  1715786929867
read      436.8   493.1    63.8   127.8   147.9   282.3   366.2   430.4   491.1   598.9  1018.3  1596.7  2121.6  3032.8 11524.4  69925.1    70000  1715786931371  1715786936667
read      542.6   630.4    63.8   137.0   164.4   341.9   446.5   535.8   632.2   806.9  1233.5  2000.5  2621.8  4115.0 16117.1  74827.2    75000  1715786938171  1715786943471
read      834.6  1084.7    74.4   229.1   259.5   450.4   691.1  1419.7  1540.7  1664.3  1785.0  1968.1  2928.6 12319.8 32111.3  76792.8    80000  1715786944975  1715786950272
read      856.6  1134.2    74.4   244.3   270.7   469.8   737.2  1440.8  1560.2  1679.0  1797.3  1981.5  2886.8 12894.2 32394.5  76940.4    85000  1715786951777  1715786957072
read      778.1   892.7    68.9   208.9   237.7   422.9   632.8  1359.5  1502.1  1617.6  1736.1  1930.4  2782.1  9745.5 29753.5  82103.0    90000  1715786958576  1715786963879
read      870.7  1316.6    74.4   245.8   271.2   465.6   692.1  1426.0  1545.8  1674.5  1799.1  1983.3  2927.5 17037.6 34923.4  76935.2    95000  1715786965384  1715786970686
read      893.4  1163.5    80.4   258.9   284.1   497.3   834.4  1475.1  1604.0  1710.2  1826.2  2002.4  2887.7 15445.4 31884.5  74800.6   100000  1715786972190  1715786977498
read      863.3  1076.9    68.9   242.2   269.0   471.0   801.1  1457.6  1581.8  1684.1  1797.1  1994.9  2826.6 12745.1 32484.7  76853.2   105000  1715786979003  1715786984315
read      869.4  1288.4    68.9   240.0   266.5   465.3   708.8  1427.8  1553.2  1669.4  1784.8  1990.2  2912.7 16532.8 34616.5  77175.0   110000  1715786985820  1715786991120
read      805.1  1063.4    68.9   232.1   254.3   445.9   635.3  1392.1  1515.3  1630.7  1735.2  1901.4  2795.5 12810.2 32297.9  82389.4   115000  1715786992624  1715786997921
read      857.0  1295.1    68.9   246.9   271.0   446.0   678.1  1419.2  1534.5  1662.8  1781.6  1963.3  2905.5 14102.8 36643.3  78207.2   120000  1715786999427  1715787004739
read      852.8  1259.6    80.4   240.6   264.9   468.9   670.3  1412.7  1536.4  1657.0  1768.1  1949.5  2873.0 16679.6 34103.9  78357.3   125000  1715787006243  1715787011552
Warning! Detected max cpu usage > 95%
CPU Usage Stats (avg/min/max): 87.32%,55.78%,100.00%