Random waveform, random seed
Total number of intervals = 120 (94665, 46892, 20426, 12296, 73018, 98888, 65382, 15090, 21030, 93208, 81435, 95463, 62738, 42195, 15619, 60358, 42727, 33310, 31554, 74782, 5927, 19050, 72696, 12534, 90121, 62858, 64797, 54968, 88184, 98979, 60816, 40355, 62439, 41753, 97235, 17782, 38807, 83224, 45380, 69982, 84472, 36354, 78810, 66501, 16226, 97435, 54561, 76575, 21892, 48966, 11377, 30791, 75147, 58758, 36233, 44377, 24369, 65174, 37298, 84790, 60309, 74714, 99084, 31578, 6532, 21792, 70091, 23253, 28606, 25121, 61002, 26210, 32217, 93005, 78319, 82778, 59136, 21771, 96614, 27214, 86228, 85637, 35774, 24853, 27891, 71969, 35011, 29008, 28290, 24579, 76969, 89733, 6665, 73731, 18438, 35581, 5516, 46294, 33401, 42645, 80210, 26555, 43202, 39068, 89102, 29944, 90049, 89278, 48280, 73235, 40322, 73613, 30643, 48192, 15345, 21392, 91391, 26000, 21544, 87171)
Average QPS expected = 51843
Timestamp start: 1715948085155
Timestamp end: 1715949285667

#type       avg     std     min      p5     p10     p50     p67     p75     p80     p85     p90     p95     p99    p999   p9999      QPS   target
read      633.8  1608.3   160.7   247.2   276.0   421.8   483.3   528.1   566.6   621.6   712.5   929.2  8559.2 25002.0 37520.7  94616.7    94665
read      396.7   305.8   160.7   218.4   230.8   349.4   435.2   488.3   526.7   570.0   619.6   683.8   830.1  1987.5 10084.3  46999.3    46892
read      538.2   737.2   173.5   222.9   238.9   453.0   564.7   642.7   701.0   762.2   835.7   939.9  2021.0  7930.6 31424.2  20414.5    20426
read      610.7  1404.0   173.5   224.9   244.0   439.4   536.6   589.0   624.4   664.5   718.0   857.1  4706.1 28887.0 37481.3  12342.4    12296
read      389.6   367.0   160.7   215.4   228.3   333.5   400.2   443.0   477.1   521.8   579.8   669.7  1458.1  2850.6 13941.7  73028.7    73018
read      395.7   296.2   160.7   223.7   239.8   352.7   413.4   450.9   480.1   517.8   569.6   655.6  1168.8  2895.1  8056.2  98939.4    98888
read      386.3   300.7   160.7   219.3   232.0   342.5   417.2   462.1   496.9   539.7   591.8   667.8   816.2  1968.0 10117.6  65317.5    65382
read      500.5   652.9   173.5   230.4   248.3   445.7   530.0   588.8   640.9   697.7   762.4   852.9  1093.8  6437.2 29955.4  15144.9    15090
read      537.1   760.0   160.7   229.3   246.2   449.3   556.8   627.6   694.9   782.9   875.4   998.2  1467.7  8043.9 32044.6  20990.9    21030
read      468.4   390.0   160.7   228.6   247.3   387.3   463.5   508.7   545.3   593.7   680.8   960.1  1882.1  2955.3 11329.4  92975.8    93208
read      394.2   264.4   160.7   223.2   238.1   351.0   421.3   464.7   499.2   541.4   595.8   683.2   895.8  2060.4  9751.8  81598.7    81435
read      387.3   292.2   160.7   223.8   239.5   349.8   412.3   451.3   481.0   518.3   568.6   646.1   840.3  2254.3  8937.0  95582.7    95463
read      400.9   346.4   160.7   220.8   234.2   349.8   428.6   476.6   514.2   560.5   619.1   700.7   919.2  3064.9 13214.8  62710.6    62738
read      415.5   405.3   160.7   220.2   233.1   363.5   454.7   509.0   548.8   593.6   646.5   720.5   942.2  2293.6 20944.2  42179.5    42195
read      528.9   730.7   173.5   228.1   246.2   457.0   553.4   619.8   668.0   720.4   784.1   876.7  1765.2  7995.5 31419.6  15628.8    15619
read      403.5   363.0   160.7   220.2   233.3   348.2   426.3   474.2   512.4   559.3   618.2   701.1  1060.0  3714.9 11478.6  60424.4    60358
read      412.9   344.7   160.7   220.1   233.2   362.2   451.5   505.1   544.9   589.1   642.5   718.0   937.9  2434.5 12839.3  42840.6    42727
read      418.3   421.7   160.7   220.1   233.4   367.8   465.0   519.8   556.6   595.2   641.2   707.7   928.4  2524.5 22064.2  33260.8    33310
read      422.5   522.7   160.7   220.0   232.9   367.7   464.6   518.5   554.4   591.8   637.0   700.1   937.0  4252.4 29095.1  31601.8    31554
read      398.1   332.9   160.7   221.3   235.1   346.7   419.9   464.9   500.5   544.2   600.5   686.4   998.4  3183.4 10556.1  74782.8    74782
read      484.2  1095.8   173.5   243.3   268.1   391.7   444.2   473.0   495.7   521.4   553.2   614.3  2838.0 24625.4 35606.5   5974.4     5927
read      564.6   862.0   173.5   227.0   244.3   469.5   589.3   674.0   732.0   794.2   865.0   973.1  2139.6 11676.6 35503.0  18988.5    19050
read      402.9   342.6   160.7   220.7   234.2   348.0   423.8   468.5   503.6   546.2   601.8   689.7  1281.8  3276.8 10793.6  72521.4    72696
read      521.2   797.1   160.7   228.5   247.6   444.3   534.4   589.6   626.8   667.1   716.2   800.4  2331.7  8185.2 31891.5  12515.1    12534
read      414.3   387.1   160.7   223.1   238.4   354.2   422.1   464.3   498.1   541.0   600.1   708.4  1639.4  3874.1 12531.3  90056.9    90121
read      401.0   382.7   160.7   219.9   232.6   344.4   421.9   469.5   507.2   553.5   612.4   692.6   996.5  3950.9 12290.5  62843.8    62858
read      394.2   436.1   160.7   219.1   231.3   338.9   411.2   457.7   494.5   540.6   597.9   679.9   956.8  3149.9 27260.3  64812.7    64797
read      398.0   283.5   160.7   219.1   231.4   346.3   426.2   476.2   516.4   564.5   622.2   698.7   937.0  2365.5 11154.6  55081.9    54968
read      389.2   330.3   160.7   220.7   234.5   342.5   406.1   446.2   477.5   517.9   572.7   658.0   988.0  3503.7 11612.6  88085.2    88184
read      385.0   305.7   160.7   222.1   237.3   344.3   404.1   441.4   469.9   506.3   555.4   634.9   888.0  3219.7  8677.4  99040.3    98979
read      397.3   312.8   160.7   219.2   231.8   345.5   422.3   470.5   508.7   555.8   614.1   691.4   941.3  2859.1 12459.8  60822.0    60816
read      410.3   354.4   160.7   218.2   230.5   355.2   447.4   503.7   544.1   587.8   638.6   707.5   941.6  3352.4 12451.3  40253.5    40355
read      394.3   323.9   160.7   219.6   232.1   343.5   419.5   467.1   505.5   552.0   610.0   688.1   923.8  2490.3 11991.3  62528.0    62439
read      408.8   287.7   160.7   218.9   231.3   356.9   448.7   504.0   544.9   589.0   640.7   711.5   960.3  2578.1 10551.4  41817.5    41753
read      390.7   319.1   160.7   223.7   239.4   348.8   410.0   448.1   477.3   514.5   565.5   644.1   900.0  3242.4 12035.4  97330.6    97235
read      553.1   869.2   173.5   225.6   242.6   456.8   560.3   634.8   688.8   746.7   819.2   929.5  2646.9 11059.5 32681.7  17818.4    17782
read      427.2   425.5   160.7   218.7   231.0   355.9   452.6   512.3   553.8   597.0   652.4   746.3  1337.9  4218.1 19574.2  38856.2    38807
read      383.8   287.2   160.7   220.5   233.9   339.3   404.4   445.0   475.5   515.4   569.3   650.4   888.6  2998.4 10099.0  83084.1    83224
read      401.7   300.0   160.7   217.9   230.2   349.2   436.3   491.5   533.3   579.0   631.3   699.0   921.1  2058.4 10177.7  45378.8    45380
read      390.3   303.4   160.7   219.5   232.5   340.3   411.8   456.4   491.7   536.2   592.4   676.7   955.6  2640.5 10179.0  70021.2    69982
read      386.4   278.4   160.7   220.1   233.7   340.9   405.1   446.3   477.5   518.0   572.1   656.3   950.0  3244.0  8913.0  84429.4    84472
read      412.0   388.3   160.7   217.9   230.4   356.6   452.6   508.5   547.3   588.1   635.7   697.7   928.1  3805.7 19764.1  36409.8    36354
read      384.0   280.4   160.7   220.2   233.3   338.2   403.3   444.5   476.1   517.3   572.3   653.3   866.7  3567.8 10113.1  78842.3    78810
read      386.9   259.4   160.7   218.8   230.9   338.2   409.8   455.3   491.3   536.7   592.8   673.9   912.1  2578.9  9034.0  66574.0    66501
read      554.8   960.6   173.5   226.1   244.3   459.1   556.8   625.8   676.1   731.3   799.1   912.1  1987.3 12643.4 33102.4  16222.4    16226
read      449.0   382.6   160.7   224.9   242.3   372.7   442.9   489.8   528.1   579.3   656.3   845.0  1813.5  3270.1 11863.7  97383.4    97435
read      389.0   328.4   160.7   215.4   228.0   337.8   416.1   466.7   506.5   553.4   608.5   681.5   898.3  2065.7 12434.7  54543.4    54561
read      381.4   282.9   160.7   217.7   230.3   332.9   397.9   439.1   472.1   516.1   574.5   661.2  1074.2  2462.4  8819.3  76586.8    76575
read      530.0   761.9   160.7   224.6   240.6   445.9   553.6   624.5   684.6   755.0   839.3   951.4  1740.1  6694.7 32135.8  21869.9    21892
read      413.1   483.4   160.7   216.5   229.2   344.0   428.3   484.5   527.5   576.0   633.0   719.8  1266.3  4352.5 27992.6  49029.2    48966
read      525.7  1091.1   173.5   227.7   246.6   429.2   508.5   557.0   588.5   623.5   666.1   734.3  3118.8 15698.4 36437.2  11401.4    11377
read      422.2   477.8   160.7   215.2   228.4   356.4   461.0   513.8   548.5   585.8   632.2   716.6  1142.4  5016.8 26118.0  30710.3    30791
read      380.8   306.5   160.7   218.2   230.4   334.0   400.2   441.7   474.5   518.2   575.1   658.2   963.1  2276.0 10341.8  75025.4    75147
read      394.7   352.7   160.7   218.7   231.1   341.8   418.3   466.7   505.7   553.2   611.5   687.0   957.7  2358.7 12530.5  58819.5    58758
read      403.2   471.1   160.7   214.2   227.1   346.3   441.2   497.2   534.9   574.3   618.9   679.8   869.7  2623.3 28338.2  36320.1    36233
read      398.8   422.8   160.7   213.2   226.3   344.0   431.3   486.3   526.6   571.4   622.5   687.9   884.5  2640.8 28515.9  44257.7    44377
read      505.9   895.1   160.7   216.3   230.2   409.3   515.9   569.9   613.3   680.8   792.3   945.1  1685.5  9624.6 36212.6  24427.4    24369
read      388.9   398.4   160.7   216.7   229.1   334.9   405.8   451.7   488.2   534.1   590.3   670.0   951.9  3507.7 20449.9  65120.8    65174
read      396.5   428.6   160.7   213.7   226.5   342.4   435.4   492.0   530.1   569.6   613.8   673.4   836.5  2030.4 28075.3  37202.2    37298
read      376.6   283.4   160.7   218.6   230.9   332.2   394.0   431.7   462.4   501.0   553.1   637.7  1047.2  2244.8  9724.5  84741.4    84790
read      385.1   341.8   160.7   217.2   229.6   335.5   407.8   455.5   493.6   540.8   596.8   672.8   872.6  1912.6 12587.2  60465.0    60309
read      379.6   294.9   160.7   216.9   229.7   334.0   399.7   441.3   473.5   515.7   572.3   653.8   910.5  2297.1 10189.0  74674.3    74714
read      386.2   273.6   160.7   220.9   236.1   346.1   407.5   445.4   473.6   509.8   560.6   641.9   961.9  2497.4  8497.0  99060.7    99084
read      404.5   392.8   160.7   211.6   224.9   356.2   456.0   507.7   541.9   578.0   620.4   679.6   866.1  2972.3 25393.5  31556.5    31578
read      518.5  1194.3   173.5   236.7   259.4   404.0   460.2   490.0   510.1   537.0   571.6   635.2  3563.9 22379.5 36502.1   6531.1     6532
read      577.6  1136.2   173.5   222.3   237.6   437.9   542.5   610.6   674.5   754.2   850.6   999.1  3513.6 15477.6 34664.4  21709.9    21792
read      418.5   389.6   160.7   218.9   231.9   345.4   420.2   468.2   507.8   558.7   626.3   748.2  1712.1  3422.6 12440.1  69966.7    70091
read      507.8   910.0   160.7   215.6   229.6   411.0   512.0   564.4   605.8   671.4   780.0   932.4  1859.9 11572.2 33576.2  23148.3    23253
read      451.2   585.9   160.7   213.3   227.1   374.8   484.9   538.1   574.3   618.3   686.1   870.0  1262.3  5525.3 30390.7  28596.8    28606
read      468.5   620.4   173.5   220.7   234.7   399.2   506.9   558.2   593.7   645.0   733.4   895.7  1185.8  5375.2 29904.1  25120.1    25121
read      410.5   456.0   160.7   221.0   234.9   356.8   437.2   487.6   526.3   573.3   632.5   721.6  1005.5  2360.8 19214.0  61065.6    61002
read      394.6   392.5   160.7   215.7   229.1   359.3   455.8   495.6   520.7   546.4   577.8   621.9   720.1  1954.6 24279.4  26244.0    26210
read      390.0   391.9   160.7   212.0   225.3   348.1   445.7   491.3   520.4   550.5   585.3   633.3   737.7  1498.3 24181.2  32274.9    32217
read      367.8   243.6   160.7   219.0   232.1   336.6   397.6   433.8   461.8   495.8   539.9   609.1   755.8  1210.0  7905.1  93095.6    93005
read      377.0   270.3   160.7   219.8   232.9   338.7   406.9   448.8   479.9   518.1   567.6   638.4   788.9  1475.7 10979.0  78263.1    78319
read      375.0   257.5   160.7   219.4   232.6   339.6   405.8   445.8   474.9   511.5   560.0   631.7   782.4  1358.6  9788.9  82666.6    82778
read      383.0   334.6   160.7   214.3   227.6   341.7   417.8   462.8   497.0   537.4   585.6   652.4   794.3  1455.5 16078.8  59111.9    59136
read      393.6   508.4   160.7   213.7   227.3   370.8   452.3   485.5   506.1   529.5   555.1   591.2   683.0  2843.9 29868.0  21771.5    21771
read      368.8   271.9   160.7   220.2   234.5   339.3   397.8   432.6   459.1   491.5   534.2   599.0   747.2  1198.2 10936.4  96668.3    96614
read      394.9   333.1   160.7   216.1   229.4   358.8   457.2   498.5   524.5   551.4   583.6   629.1   732.6  2160.4 13919.1  27145.0    27214
read      374.2   282.5   160.7   219.0   232.2   339.2   404.0   442.6   471.0   507.0   553.5   626.4   783.0  1381.1 11883.8  86444.7    86228
read      374.5   342.8   160.7   217.3   230.4   337.6   403.1   441.8   470.5   506.6   552.9   626.9   784.4  1490.1 19489.5  85639.8    85637
read      394.8   495.3   160.7   213.9   227.2   345.3   441.0   491.8   524.3   558.3   595.1   644.5   746.1  2102.0 29027.5  35700.1    35774
read      393.3   448.3   160.7   214.2   227.8   361.1   454.0   491.8   515.4   540.6   570.5   611.8   702.7  1745.2 28593.8  24910.8    24853
read      393.7   426.7   160.7   214.8   228.1   354.5   453.1   495.1   521.1   548.1   580.3   624.8   722.8  1569.5 28183.9  27851.1    27891
read      381.2   334.8   160.7   216.0   229.3   341.3   413.9   456.5   488.1   526.5   575.3   646.9   807.9  1473.9 13980.0  71944.6    71969
read      392.1   429.7   160.7   212.6   226.0   345.1   441.6   492.0   524.1   557.8   595.1   647.5   759.5  1381.6 28864.8  35098.9    35011
read      394.6   487.7   160.7   213.6   227.1   351.5   450.5   493.9   521.0   548.6   581.5   627.1   729.6  2068.8 29098.4  28964.4    29008
read      394.7   519.1   160.7   211.5   225.2   352.3   450.7   492.8   518.9   545.9   578.7   624.6   731.9  2257.8 29628.0  28240.2    28290
read      399.3   595.5   160.7   215.0   228.6   362.7   455.3   492.6   515.9   540.4   570.1   611.6   698.7  3363.0 30407.2  24544.6    24579
read      375.9   258.2   160.7   214.7   228.0   338.1   409.3   451.6   482.5   519.7   568.1   639.4   802.3  1512.6  8090.4  76833.2    76969
read      374.2   346.4   160.7   217.3   230.7   339.3   403.5   442.2   470.1   504.9   549.7   622.2   781.4  1380.4 24115.9  89684.5    89733
read      386.3   841.3   173.5   234.9   256.0   352.9   383.5   399.1   410.7   424.6   440.1   468.1   559.7 10139.5 31284.6   6659.8     6665
read      381.0   362.6   160.7   215.7   229.0   339.9   411.8   454.9   486.8   525.4   574.7   645.6   812.0  1649.1 24622.5  73761.5    73731
read      402.1   578.6   160.7   218.9   232.2   386.5   454.1   482.4   500.4   520.6   543.3   579.3   662.6  5599.0 29574.6  18298.3    18438
read      387.8   408.9   160.7   209.9   223.2   344.2   437.1   485.8   517.4   550.2   587.3   637.5   756.4  1618.8 28044.3  35565.6    35581
read      388.7   896.0   173.5   240.8   262.5   345.1   372.7   388.6   398.8   412.2   429.7   460.2   577.6 10593.8 33781.2   5516.9     5516
read      390.6   402.1   160.7   214.5   228.1   345.7   429.3   478.9   513.9   552.5   596.5   658.3   792.8  1446.4 27942.0  46223.8    46294
read      394.0   422.7   160.7   212.4   226.0   349.6   447.6   495.1   525.1   556.4   591.4   641.0   757.5  1486.2 27947.1  33267.3    33401
read      389.7   379.5   160.7   215.1   228.4   345.0   430.5   481.3   515.1   551.8   593.3   651.0   771.1  1568.8 25163.1  42742.9    42645
read      376.2   366.6   160.7   216.2   229.8   338.8   405.5   445.4   473.9   509.3   556.0   629.2   795.2  1511.0 21867.2  80145.2    80210
read      393.2   371.4   160.7   214.0   227.4   357.9   454.7   494.8   520.0   546.3   578.0   623.2   730.3  2069.4 20758.0  26520.3    26555
read      389.5   378.7   160.7   214.7   227.8   344.0   430.4   480.8   516.2   554.0   596.9   653.9   775.6  1659.8 23482.2  43239.5    43202
read      389.2   451.6   160.7   214.5   227.5   340.8   430.2   482.8   517.0   552.2   591.6   642.9   747.2  1491.3 28474.6  39030.8    39068
read      374.6   314.1   160.7   219.7   233.5   339.2   401.6   439.6   468.4   503.9   550.0   624.7   793.7  1523.6 11656.1  89077.8    89102
read      395.2   508.0   160.7   213.5   226.8   349.4   449.4   494.6   522.6   551.1   584.7   631.3   736.3  2365.3 29226.6  29947.9    29944
read      371.4   257.9   160.7   219.3   232.8   337.8   400.0   437.1   465.7   500.6   546.0   619.2   778.7  1530.3  7997.6  90155.7    90049
read      371.8   309.3   160.7   218.0   231.3   338.5   401.2   438.4   466.4   500.7   545.3   617.3   774.3  1368.4 11456.7  89134.2    89278
read      388.0   393.7   160.7   213.4   226.9   343.3   425.5   474.7   510.2   549.5   594.1   656.5   791.2  1459.3 24994.9  48169.5    48280
read      380.0   279.3   160.7   219.0   232.3   342.4   411.9   454.2   485.6   523.5   572.4   642.8   799.0  1411.1  8093.5  73195.1    73235
read      397.5   328.3   160.7   220.4   234.7   352.9   443.5   495.9   530.4   566.7   607.8   663.5   783.1  1340.1 12715.2  40258.0    40322
read      379.2   299.1   160.7   219.2   232.5   340.0   409.3   451.9   483.6   522.1   571.5   641.6   796.8  1359.6 12283.4  73576.5    73613
read      391.4   418.2   160.7   212.4   225.7   348.0   448.1   493.6   522.0   551.1   585.2   632.4   738.1  1889.6 25080.1  30634.8    30643
read      387.7   444.3   160.7   213.2   226.6   343.0   424.7   471.7   506.0   545.0   590.0   650.0   785.0  1438.9 27951.1  48070.8    48192
read      394.2   479.3   160.7   220.2   233.6   389.2   444.3   468.0   484.7   502.0   524.5   552.6   638.1  3840.1 28709.4  15342.4    15345
read      404.5   610.6   160.7   218.8   232.0   378.6   458.8   491.4   511.9   534.2   559.9   594.5   690.0  3934.0 29767.3  21299.5    21392
read      369.5   265.8   160.7   219.2   232.7   337.4   398.3   434.6   462.4   496.3   540.7   610.3   758.8  1220.0 11029.0  91377.6    91391
read      398.1   448.9   160.7   216.3   229.6   362.2   458.3   497.6   522.1   547.2   578.4   622.6   719.5  3065.5 28237.0  25996.1    26000
read      407.2   681.8   160.7   219.5   232.9   378.0   459.5   492.3   512.9   535.5   562.0   597.4   688.3  4051.3 32098.3  21536.0    21544
read      374.5   299.8   160.7   220.0   233.8   339.1   402.2   440.7   469.6   505.7   553.0   628.0   782.5  1462.4 11465.6  87228.3    87171

Total QPS = 51834.1 (62200928 / 1200.0s)

Total connections = 64
Misses = 0 (0.0%)
Skipped TXs = 0 (0.0%)

RX 15363629710 bytes :   12.2 MB/s
TX          0 bytes :    0.0 MB/s
Warning! Detected max cpu usage > 95%
CPU Usage Stats (avg/min/max): 99.96%,49.49%,100.00%