Total number of intervals = 120 (38537, 8757, 78620, 94815, 9043, 32520, 67169, 25283, 40908, 58210, 42283, 67160, 72673, 85920, 42244, 80370, 52972, 72725, 17334, 99335, 61160, 23164, 44177, 84487, 87462, 28320, 62767, 58097, 36447, 30033, 54655, 49157, 75223, 12933, 50191, 65588, 52615, 50267, 15819, 97313, 97069, 74437, 6647, 41433, 37116, 72054, 42283, 76629, 72881, 74346, 85070, 9876, 74470, 79009, 80351, 19572, 97199, 72134, 67746, 38193, 15378, 7463, 81983, 97643, 39174, 69450, 70716, 74466, 14774, 15647, 67132, 74061, 44164, 57954, 16205, 34212, 93366, 76855, 85485, 48693, 76364, 97393, 17072, 78483, 85339, 62001, 11217, 85231, 55026, 17973, 7501, 61139, 57490, 94603, 54500, 8619, 40349, 59193, 28429, 80508, 7224, 58072, 99473, 9136, 86517, 96968, 88617, 60045, 5644, 6829, 69927, 24774, 26778, 84851, 27787, 32539, 87834, 97787, 80356, 17647)
Average QPS expected = 54811
Timestamp start: 1715887986329
Timestamp end: 1715889186867

#type       avg     std     min      p5     p10     p50     p67     p75     p80     p85     p90     p95     p99    p999   p9999      QPS   target
read      450.0   415.4   173.5   224.4   239.4   365.5   457.2   522.8   571.4   626.7   704.6   963.5  1450.4  3591.8 14948.6  38503.5    38537
read      400.0   408.8   187.4   242.3   260.6   378.8   418.0   437.2   452.9   468.5   490.7   523.0   678.1  7066.7 16335.9   8798.2     8757
read      403.6   298.9   160.7   226.8   242.0   357.1   427.9   470.9   504.1   543.7   594.7   676.1   948.7  3350.7 10651.3  78518.1    78620
read      384.6   183.9   160.7   226.6   242.3   354.9   417.7   455.1   483.2   516.9   561.2   629.6   780.8  1603.6  7249.0  94719.5    94815
read      422.6   424.6   173.5   238.1   256.3   397.2   452.9   482.2   500.8   522.8   547.8   589.9   745.9  5911.6 17304.2   9028.0     9043
read      419.3   244.8   173.5   224.5   239.7   369.1   467.3   524.0   560.3   599.1   642.6   710.6   990.5  1919.6  8706.0  32587.6    32520
read      394.2   197.3   160.7   223.8   238.2   355.1   431.9   477.8   511.5   551.9   602.8   673.6   808.6  1743.6  7654.7  67107.4    67169
read      431.6   384.7   173.5   223.8   238.3   369.5   478.7   531.0   564.8   601.3   646.2   735.3  1106.8  4997.7 10922.8  25366.7    25283
read      413.0   263.1   173.5   222.3   236.7   364.4   448.7   503.3   543.3   588.3   638.9   707.1   951.9  2628.8  9836.2  40841.6    40908
read      402.8   261.3   160.7   222.3   236.2   356.8   434.2   482.4   519.0   563.3   618.3   690.4   909.5  2831.7  8172.1  58138.7    58210
read      405.8   230.8   160.7   223.0   237.4   361.4   440.7   493.8   532.9   577.6   628.0   691.5   870.3  2330.8  8276.8  42252.5    42283
read      396.7   262.3   160.7   223.5   237.7   351.5   424.6   468.1   502.0   543.1   595.9   673.7   896.8  3072.5  8043.2  67138.5    67160
read      397.1   292.1   160.7   224.3   238.6   351.5   423.3   466.4   499.8   539.8   591.1   669.3   885.4  3180.1  9678.6  72665.4    72673
read      393.7   279.6   160.7   224.3   239.0   351.3   416.2   455.4   485.5   522.1   571.1   647.0  1005.8  3562.4  8220.4  86005.4    85920
read      411.0   328.4   173.5   223.9   238.5   362.6   441.4   494.3   533.1   577.3   628.7   693.3   900.7  2950.6 12448.1  42198.3    42244
read      394.7   249.1   173.5   224.8   239.5   351.9   420.3   461.9   494.1   533.1   584.1   662.2   921.6  2938.2  7806.8  80268.1    80370
read      408.1   585.6   173.5   224.0   238.4   360.6   436.7   484.9   521.7   565.7   618.9   688.5   888.0  3232.7 11523.1  52890.2    52972
read      397.5   284.6   160.7   223.8   238.2   352.1   423.9   467.1   500.9   541.4   593.8   674.9   919.6  2903.0  9730.0  72788.0    72725
read      499.0   597.4   173.5   233.1   251.5   428.1   521.7   579.0   624.1   677.0   740.9   840.3  1531.7  6393.0 31179.7  17254.8    17334
read      416.9   284.9   173.5   230.0   247.8   374.0   439.5   481.3   512.9   552.5   607.6   700.3  1073.3  2829.7 10123.3  99173.0    99335
read      397.7   398.7   160.7   220.8   233.9   348.0   420.9   466.1   502.3   546.8   604.2   680.7  1002.8  3037.1 10637.8  61208.5    61160
read      492.7   744.2   173.5   224.2   239.2   401.3   506.9   559.6   598.4   654.3   744.4   882.7  1579.7  9999.7 31312.1  23100.3    23164
read      408.9   324.4   160.7   220.4   233.5   354.1   433.9   488.7   530.0   577.3   629.9   696.9  1129.8  3393.3 10440.0  44176.5    44177
read      386.1   245.3   173.5   221.6   235.4   345.1   410.3   449.7   479.5   516.2   565.5   640.4   908.0  2891.2  7700.4  84644.4    84487
read      385.4   269.1   160.7   222.3   236.4   345.6   409.0   447.3   476.0   511.0   558.2   632.3   862.1  3267.4  8873.6  87447.6    87462
read      402.4   288.0   173.5   221.6   235.3   347.7   448.2   504.2   538.4   573.9   612.7   664.4   851.8  3128.9 10920.7  28418.2    28320
read      394.3   254.8   160.7   221.6   235.0   348.8   421.4   466.4   501.5   543.8   598.0   674.0   918.8  2549.3  8595.9  62790.9    62767
read      398.6   292.7   160.7   222.4   236.2   351.0   425.5   471.9   508.9   553.7   609.9   682.6   909.5  2787.2 10245.4  58210.3    58097
read      401.4   307.8   160.7   219.8   232.8   347.0   434.0   493.5   534.1   577.3   623.4   681.5   868.1  2837.2 13306.0  36427.9    36447
read      397.1   244.7   173.5   219.9   232.6   344.1   442.2   501.4   536.7   573.2   613.5   666.5   824.8  2188.6 10227.9  30033.1    30033
read      399.3   293.1   160.7   220.9   234.0   349.9   424.1   471.2   509.5   556.0   612.8   683.9   965.4  3267.5  9827.9  54679.2    54655
read      400.6   290.4   160.7   220.2   233.3   350.8   426.5   477.1   517.0   564.3   619.3   686.4   916.8  3083.8 10420.4  49123.1    49157
read      390.0   355.5   160.7   220.2   233.1   342.7   410.2   452.2   484.6   523.8   574.9   650.8   875.4  3950.1 13047.0  75111.6    75223
read      501.1   813.3   173.5   231.9   250.5   414.7   499.3   548.2   583.2   622.6   670.6   745.0  2752.5 10638.5 32174.5  12903.1    12933
read      401.7   314.1   160.7   221.6   235.1   351.3   426.0   474.5   512.8   558.4   612.8   682.4  1007.0  3803.0 10021.4  50134.2    50191
read      393.6   309.3   160.7   221.8   235.0   345.7   415.7   458.9   493.5   536.2   589.7   668.4  1001.4  3097.2  9834.7  65522.1    65588
read      395.9   258.1   160.7   221.4   234.5   350.2   422.7   469.4   507.3   552.8   607.3   677.6   916.7  2594.2  8741.0  52590.7    52615
read      400.1   291.7   160.7   221.3   234.5   353.3   428.3   477.0   515.7   561.9   616.5   684.5   899.2  2920.6 10012.6  50266.1    50267
read      511.0   745.8   173.5   230.8   249.5   421.8   514.0   572.5   614.4   661.5   718.8   807.7  2604.5  8679.9 35394.7  15757.9    15819
read      470.4   419.3   160.7   233.3   252.6   394.3   469.4   518.4   555.3   602.0   670.2   830.1  1845.5  4437.6 12610.2  97027.4    97313
read      401.8   379.3   160.7   226.1   242.1   358.7   421.7   460.2   490.3   527.0   575.8   654.0   911.2  4212.9 15212.1  97093.9    97069
read      385.8   248.4   160.7   220.9   234.1   341.6   408.6   450.5   483.1   523.1   575.2   653.2   954.9  2586.5  9389.5  74591.4    74437
read      496.3  1198.5   187.4   238.2   258.8   377.9   425.1   452.7   471.8   496.2   528.2   588.6  3767.3 24924.5 32182.9   6667.6     6647
read      393.7   272.8   160.7   216.4   229.3   339.6   417.9   476.1   519.4   564.8   614.3   676.4   980.2  2604.4  8690.5  41379.3    41433
read      391.7   241.3   160.7   217.8   230.5   340.4   423.3   483.1   524.0   566.5   612.1   668.6   838.1  2244.2  9462.6  37263.4    37116
read      387.0   249.9   160.7   221.8   235.5   341.4   409.4   452.1   485.7   526.9   580.0   658.5   976.0  2363.7  9747.6  71988.5    72054
read      388.7   305.5   160.7   215.6   228.4   337.3   413.3   469.9   513.1   558.8   608.5   667.0   810.9  2505.9 12099.7  42177.6    42283
read      377.3   251.7   160.7   219.0   231.1   334.9   399.8   439.3   471.3   511.0   563.0   638.6   878.3  2188.3  9076.0  76592.8    76629
read      382.8   242.7   160.7   219.5   232.0   339.8   407.3   449.6   482.4   522.6   575.5   651.4   884.4  2248.2  9872.1  73026.9    72881
read      382.6   223.1   160.7   220.1   232.6   339.0   406.0   447.6   479.9   520.0   572.6   648.9  1006.9  2108.1  7853.2  74229.6    74346
read      373.8   237.0   160.7   219.8   232.2   335.0   396.6   432.9   461.7   497.3   544.3   620.1   864.2  2467.9  8103.1  84971.3    85070
read      488.9   915.9   173.5   232.3   251.2   400.1   473.6   512.4   539.0   568.9   605.3   670.2  3057.9  9537.0 37116.1   9837.0     9876
read      426.7   391.2   160.7   221.5   235.5   353.0   424.4   467.7   502.8   547.0   610.6   731.2  1797.7  4014.6 11032.4  74298.9    74470
read      384.3   261.1   160.7   220.3   233.4   342.4   409.0   450.4   482.1   520.9   571.6   646.7   883.5  2351.4  8783.2  79141.5    79009
read      380.2   239.8   160.7   219.2   231.6   337.8   402.7   442.4   473.1   512.0   563.0   639.9   927.1  2478.3  8620.6  80430.3    80351
read      523.8   903.7   160.7   222.9   238.9   422.3   519.5   580.9   632.7   692.8   761.8   864.2  2615.8 11580.8 35721.7  19668.7    19572
read      412.6   386.2   160.7   223.5   239.1   359.4   423.9   464.0   495.7   535.4   589.6   684.4  1568.7  4724.2 11941.0  97163.1    97199
read      378.7   240.1   160.7   219.1   231.3   336.4   402.5   443.2   475.5   516.5   569.3   641.8   850.6  2356.3  8311.1  71816.0    72134
read      379.3   236.9   160.7   219.5   231.8   336.8   402.4   444.0   477.3   519.4   572.7   645.6   842.2  2416.2  8191.9  67705.0    67746
read      387.1   243.4   160.7   217.1   229.7   335.0   414.4   473.9   516.1   558.4   603.5   659.4   809.7  2682.3  8645.6  38111.2    38193
read      488.2   680.3   173.5   229.1   246.8   408.4   496.0   548.2   588.5   632.6   684.4   763.4  2393.3  9015.4 30453.2  15315.6    15378
read      495.5  1107.9   173.5   234.8   253.7   385.1   440.7   471.4   492.6   515.6   546.4   610.2  3548.1 15430.0 36834.7   7488.0     7463
read      395.1   298.8   160.7   221.2   234.7   343.2   408.1   446.9   477.1   515.9   568.7   654.2  1563.4  2936.6  9934.9  81916.0    81983
read      391.9   263.4   160.7   224.6   240.1   353.7   415.0   452.7   481.6   517.2   564.4   637.4   918.3  2855.3  8683.3  97734.0    97643
read      386.6   243.3   160.7   217.9   230.3   337.8   414.4   471.4   514.0   557.2   604.1   661.6   802.9  1806.2  9184.6  39196.2    39174
read      379.9   237.6   160.7   219.8   231.9   337.5   403.6   444.6   477.2   519.1   572.6   645.8   868.2  2234.5  8777.9  69341.2    69450
read      382.3   271.1   160.7   219.3   231.6   337.5   404.3   445.5   477.9   518.9   572.3   649.2   947.1  2430.7 11283.6  70539.3    70716
read      379.4   246.1   160.7   218.6   230.4   336.2   402.9   444.1   476.6   517.3   569.0   644.6   877.5  2586.6  9913.8  74486.8    74466
read      491.4   749.0   173.5   232.8   251.9   421.8   509.8   557.9   591.8   631.2   680.5   757.6  1635.9  9818.9 35953.8  14814.7    14774
read      479.7   320.7   173.5   236.1   256.8   438.1   535.3   594.7   636.4   680.5   732.2   802.5   977.8  3852.6 13274.6  15569.1    15647
read      459.5   407.1   160.7   225.3   241.2   369.3   451.8   506.3   549.8   608.0   692.6  1001.0  1856.0  3211.2 13354.5  67236.0    67132
read      399.2   258.2   173.5   222.7   237.1   352.9   426.3   470.8   505.7   546.7   600.3   681.8  1002.5  2563.0  8404.4  74074.3    74061
read      405.6   240.6   173.5   221.7   236.1   359.2   440.5   494.9   535.1   579.5   628.9   690.5   889.1  2185.0  8046.3  44233.4    44164
read      396.8   242.5   160.7   222.4   236.6   353.5   430.7   478.1   514.2   556.6   609.0   678.8   841.5  2018.1  9340.9  57907.6    57954
read      477.2   331.2   173.5   235.6   254.9   434.4   526.5   584.7   629.7   679.5   736.0   809.8   983.3  4292.2 11636.8  16274.4    16205
read      416.3   259.2   160.7   222.3   237.0   357.6   454.4   515.1   553.9   594.1   640.2   718.4  1140.9  1836.1  9330.3  34249.2    34212
read      382.9   193.8   160.7   224.7   240.0   351.6   414.8   452.8   481.6   516.3   561.7   631.2   787.0  1713.0  7292.4  93368.1    93366
read      386.4   218.8   160.7   222.5   236.9   347.3   418.5   461.9   495.1   534.3   584.3   657.2   803.0  1878.6  8738.7  76902.3    76855
read      380.7   193.9   160.7   222.4   236.6   345.8   412.8   453.3   484.2   521.1   568.4   638.1   789.6  1705.9  7551.6  85464.8    85485
read      400.9   246.2   160.7   221.1   234.9   358.1   438.4   490.6   529.1   573.0   623.5   686.7   812.5  1901.5 11112.5  48690.1    48693
read      386.7   204.3   160.7   221.9   236.0   347.5   419.8   463.5   496.8   536.1   585.5   659.3   816.5  1851.9  7671.9  76273.6    76364
read      424.1   370.9   173.5   229.7   247.2   373.5   439.9   481.1   512.2   551.2   606.0   695.8  1480.3  4509.6 12238.8  97444.6    97393
read      458.8   306.1   173.5   229.8   248.1   416.8   507.1   564.4   607.2   653.7   706.6   779.4   935.3  3967.8 12307.4  17082.0    17072
read      417.0   301.1   173.5   226.1   241.8   368.3   442.2   488.9   524.2   567.4   625.1   717.8  1112.7  2932.3  9903.3  78446.2    78483
read      378.4   192.2   173.5   223.7   238.1   344.7   410.7   450.6   480.7   516.6   562.2   630.4   770.8  1458.8  7626.2  85421.4    85339
read      386.2   203.1   160.7   221.8   235.7   347.3   423.7   469.6   504.9   545.2   593.2   656.4   763.9  1450.3  7798.8  61983.8    62001
read      398.4   316.7   173.5   237.9   254.0   390.3   435.6   457.8   471.7   489.6   507.5   539.2   628.0  4060.3 12574.2  11142.2    11217
read      378.4   184.1   160.7   223.3   237.6   345.4   411.8   451.4   481.1   517.4   563.9   632.5   769.6  1349.6  5970.9  85184.1    85231
read      388.9   204.5   173.5   221.8   235.6   349.1   426.4   474.7   511.6   553.1   601.5   661.9   765.3  1582.1  7650.3  55026.4    55026
read      393.5   222.2   160.7   226.9   241.9   380.9   457.8   490.8   510.6   530.4   550.3   583.7   644.5  2002.0  8265.4  18030.8    17973
read      390.1   382.4   173.5   247.4   267.2   371.9   402.7   420.0   431.0   445.5   464.0   497.0   641.9  5227.6 16056.6   7531.8     7501
read      384.5   192.9   160.7   221.7   235.3   346.1   420.9   466.6   502.4   542.8   590.6   653.1   758.8  1310.7  7884.6  61086.5    61139
read      390.0   196.5   160.7   222.7   237.0   351.0   427.8   474.7   510.8   551.3   598.9   660.7   775.5  1455.0  7817.6  57468.7    57490
read      377.5   173.8   160.7   224.9   240.0   348.2   409.8   446.7   473.8   507.6   550.3   618.9   756.7  1439.7  6673.2  94613.4    94603
read      388.9   197.3   173.5   222.1   236.1   350.7   427.3   474.1   511.0   551.7   600.0   660.0   760.8  1306.8  7825.8  54513.1    54500
read      396.2   473.0   173.5   241.5   259.5   378.8   415.4   433.3   447.0   461.9   481.1   508.8   630.5  5704.4 20305.2   8627.7     8619
read      392.5   209.0   160.7   220.7   234.5   349.0   432.8   489.6   528.1   567.2   609.1   661.4   749.4  1523.4  8363.0  40468.9    40349
read      386.7   206.5   160.7   221.2   234.8   346.3   422.9   469.8   505.8   546.9   594.5   658.3   767.1  1744.8  8407.2  59003.0    59193
read      392.4   225.6   160.7   221.4   235.2   345.6   448.8   502.5   532.5   562.0   591.8   633.1   716.5  2138.1  9719.1  28357.1    28429
read      379.1   176.8   160.7   222.2   236.3   344.9   413.0   453.9   485.0   522.2   569.2   636.5   772.6  1522.8  6989.5  80546.2    80508
read      392.7   450.9   173.5   245.0   264.8   371.4   402.7   419.7   430.5   444.5   463.0   496.1   653.3  7319.5 18595.5   7271.8     7224
read      386.8   199.1   160.7   222.1   236.1   348.9   424.0   469.9   505.9   546.8   594.3   655.2   755.8  1471.9  8010.9  58191.5    58072
read      374.4   177.3   160.7   225.8   241.1   347.9   405.8   440.2   466.5   498.1   538.7   600.3   733.9  1464.7  6734.5  99594.7    99473
read      395.2   385.0   173.5   242.1   260.0   376.5   414.2   432.5   446.2   461.3   480.1   508.0   636.2  7105.5 13864.9   9163.0     9136
read      377.5   203.6   160.7   223.7   238.1   344.3   409.1   448.0   477.3   512.9   557.8   625.3   754.7  1506.2  8556.4  86309.7    86517
read      371.4   172.6   160.7   224.7   239.6   344.1   402.6   437.2   464.2   496.6   538.0   599.7   729.4  1176.5  7706.5  96832.4    96968
read      375.5   195.5   160.7   223.7   238.1   342.7   406.1   444.6   473.2   508.8   553.3   621.0   746.3  1425.1  8116.1  88336.7    88617
read      390.5   234.6   173.5   225.6   240.7   350.3   425.3   470.8   506.6   547.2   594.0   655.4   762.2  1620.9 10228.9  60190.1    60045
read      388.5   448.3   187.4   254.9   276.2   358.7   384.9   398.2   407.8   421.8   435.9   470.6   753.6  7722.7 19147.1   5665.0     5644
read      390.5   412.0   173.5   248.4   269.3   367.7   397.5   413.5   424.8   436.1   457.0   490.1   652.1  6232.7 15954.4   6834.1     6829
read      385.3   209.2   160.7   222.5   236.6   346.9   420.7   465.0   498.6   537.7   585.4   651.3   774.1  1610.3  9654.8  69815.1    69927
read      394.8   229.8   160.7   222.2   236.5   353.4   459.7   507.3   532.8   558.7   586.3   626.2   702.7  1873.1  9582.0  24719.1    24774
read      392.3   225.8   160.7   221.1   234.8   346.3   453.7   504.5   532.6   560.8   590.4   630.6   708.9  1635.3  9227.0  26758.0    26778
read      378.2   175.9   160.7   222.7   236.9   344.7   411.0   451.1   481.2   517.7   563.8   632.2   775.5  1538.3  5861.9  84994.4    84851
read      393.7   229.4   160.7   221.6   235.8   349.1   452.5   505.3   534.1   562.9   592.5   634.2   721.9  1500.7  9372.3  27861.6    27787
read      393.6   226.9   160.7   221.2   235.3   347.0   442.7   502.0   536.0   569.7   605.2   647.3   733.5  1359.6  9267.1  32609.7    32539
read      380.9   198.2   160.7   224.1   238.7   347.7   413.3   452.4   482.1   518.1   564.3   633.1   780.2  1569.2  8051.1  87649.5    87834
read      382.1   185.1   160.7   227.0   242.9   353.8   414.7   451.0   478.1   510.3   552.7   620.5   762.6  1495.4  7981.5  97784.3    97787
read      380.7   193.6   160.7   221.9   235.7   344.9   413.5   455.5   487.5   525.5   572.7   640.1   785.5  1579.3  8031.4  80401.7    80356
read      399.0   286.9   173.5   227.3   242.5   383.3   459.5   492.1   512.0   531.5   551.5   585.0   660.0  3481.7 13262.3  17652.7    17647

Total QPS = 54797.2 (65756584 / 1200.0s)

Total connections = 64
Misses = 0 (0.0%)
Skipped TXs = 0 (0.0%)

RX 16241876001 bytes :   12.9 MB/s
TX          0 bytes :    0.0 MB/s
Warning! Detected max cpu usage > 95%
CPU Usage Stats (avg/min/max): 99.97%,49.24%,100.00%