#type       avg     std     min      p5     p10     p50     p67     p75     p80     p85     p90     p95     p99    p999   p9999      QPS   target       ts_start         ts_end
read      322.9   214.0   160.7   212.7   226.0   300.5   342.5   368.0   386.9   408.1   434.5   471.2   555.8  1845.7 11621.9  29903.1    30000  1715179851501  1715179861661
read      338.5   236.8   160.7   213.9   227.7   308.6   354.3   381.8   401.5   426.2   457.1   505.3   707.5  3512.2  8471.4  29938.4    30005  1715179863169  1715179873307
read      352.2   373.0   160.7   215.4   229.3   316.4   364.7   392.5   412.8   436.6   468.1   520.3   713.0  6616.9 15282.7  30026.0    30010  1715179874814  1715179884933
read      390.3   727.7   160.7   215.9   229.3   318.4   371.3   402.2   426.5   456.1   497.0   574.6   891.7 12311.9 24799.9  29974.4    30015  1715179886440  1715179896551
read      359.8   640.7   160.7   211.0   224.0   300.8   347.5   376.6   399.0   426.2   461.7   524.7   808.7  8587.1 30917.7  30004.3    30020  1715179898058  1715179908168
read      353.2   465.8   160.7   213.6   226.5   304.8   352.2   381.3   402.4   429.3   463.4   519.9   763.8  7156.1 18884.5  30066.1    30025  1715179909674  1715179919785
read      350.8   470.0   160.7   209.7   222.8   301.5   349.5   378.5   400.2   427.0   461.0   515.4   760.1  7549.9 17469.1  30052.9    30030  1715179921293  1715179931399
read      359.0   516.2   160.7   212.9   226.1   308.2   356.5   385.7   406.7   433.0   466.9   526.5   761.8  9587.0 19984.7  30019.9    30035  1715179932906  1715179943014
read      325.5   357.0   160.7   207.3   219.7   289.2   333.1   361.0   381.4   405.3   436.2   483.8   603.8  5616.5 15623.5  30121.6    30040  1715179944521  1715179954630
read      319.0   313.9   160.7   206.5   218.9   286.3   328.1   355.3   375.4   399.8   430.4   474.5   586.1  4130.6 14213.9  30101.4    30045  1715179956137  1715179966248
read      326.2   293.8   160.7   211.2   223.8   295.1   336.4   362.1   381.1   403.6   433.4   477.7   617.7  4865.3 10901.6  30046.0    30050  1715179967754  1715179977867
read      367.1   431.6   160.7   214.7   228.9   320.9   372.9   403.2   426.1   453.4   490.3   558.3   867.8  7332.8 19301.5  30012.7    30055  1715179979373  1715179989482
read      313.5   220.4   160.7   206.8   219.7   286.6   326.2   352.2   372.1   396.0   425.1   466.6   570.2  2716.2  9106.9  30048.0    30060  1715179990987  1715180001098
read      326.8   203.8   148.8   209.6   224.5   305.5   348.8   374.3   393.5   415.4   442.6   484.3   584.6  1623.4  8375.2  30100.1    30065  1715180002606  1715180012720
read      325.2   199.7   160.7   212.0   225.8   303.6   345.8   371.4   390.5   412.2   439.1   479.1   570.8  1586.7  8573.2  30002.0    30070  1715180014228  1715180024340
read      329.0   195.7   160.7   215.2   228.4   308.0   351.5   377.2   395.9   417.6   444.0   483.7   570.5  1749.3  8377.7  29969.4    30075  1715180025847  1715180035959
read      327.0   206.9   160.7   209.6   224.0   307.1   351.0   376.2   395.1   416.8   443.2   483.3   578.1  1331.3 10173.6  30035.5    30080  1715180037465  1715180047574
read      329.9   197.3   148.8   211.1   225.3   309.3   355.8   382.1   400.3   422.7   450.1   491.7   587.0  1151.7  8020.5  30134.5    30085  1715180049080  1715180059191
read      320.9   210.7   160.7   209.1   222.9   300.1   343.0   368.2   386.6   406.9   433.2   470.5   556.9  1361.7  9004.5  30086.0    30090  1715180060696  1715180070805
read      307.0   202.5   148.8   206.2   218.9   283.1   321.4   347.1   367.4   390.6   419.1   459.9   539.8  1434.2  8728.5  30094.9    30095  1715180072311  1715180082427
read      322.8   207.1   160.7   214.0   226.6   299.3   342.1   368.3   387.7   409.6   436.7   478.0   566.0  1636.1  9370.7  30047.6    30100  1715180083934  1715180094046
read      323.7   224.8   148.8   208.8   222.9   300.1   344.1   370.7   390.3   412.5   439.9   482.2   581.5  1313.4 10249.4  30018.4    30105  1715180095553  1715180105671
read      318.1   217.2   148.8   209.0   222.0   293.7   336.9   363.7   383.0   404.6   433.0   472.1   564.2  1560.9  8985.1  30061.3    30110  1715180107178  1715180117290
read      326.1   439.3   160.7   211.8   225.0   301.9   345.5   371.7   391.1   413.1   439.9   480.2   578.7  2110.2 10173.3  30049.7    30115  1715180118797  1715180128905
read      313.2   205.0   160.7   210.7   223.3   289.7   328.0   353.3   372.3   395.3   423.8   464.4   546.1  1649.3  8751.8  30123.6    30120  1715180130412  1715180140522
read      330.2   189.6   148.8   211.2   225.9   310.4   355.5   381.4   399.6   421.9   449.2   489.3   576.9  1438.7  8643.4  30158.4    30125  1715180142028  1715180152145
read      327.8   191.3   160.7   214.2   228.1   306.6   349.7   375.1   394.5   416.8   444.1   485.2   577.3  1264.1  8033.5  30030.4    30130  1715180153651  1715180163761
read      319.7   208.2   160.7   208.3   222.2   296.9   339.0   364.6   383.4   405.0   433.2   473.3   566.6  1762.6  9672.0  30059.9    30135  1715180165268  1715180175376
read      315.3   196.4   148.8   207.7   221.3   293.3   334.9   360.3   378.5   400.5   427.9   466.1   547.3  1446.3  9687.7  30186.9    30140  1715180176882  1715180186992
read      333.8   198.8   148.8   206.5   222.5   314.0   361.3   387.8   405.6   428.0   455.2   495.3   592.1  2033.6  8117.5  30078.5    30145  1715180188498  1715180198606
read      325.2   222.5   160.7   211.4   225.5   303.2   345.3   370.4   389.1   410.3   436.5   476.6   571.1  1892.1 10548.7  30197.1    30150  1715180200112  1715180210230
read      311.8   209.3   160.7   206.7   220.0   287.1   326.6   352.7   372.2   395.8   424.8   466.3   554.3  1973.4  8688.8  30246.7    30155  1715180211736  1715180221847
read      331.0   202.8   148.8   207.6   223.2   311.7   357.5   383.1   401.0   423.1   449.9   490.0   586.1  1565.0  9016.4  30106.4    30160  1715180223354  1715180233477
read      319.1   186.3   160.7   210.2   223.7   296.8   339.0   364.9   383.8   405.0   433.1   472.3   559.7  1302.1  8200.2  30219.9    30165  1715180234984  1715180245101
read      327.9   191.9   160.7   208.9   223.5   306.8   351.8   377.9   397.0   419.2   446.5   487.8   586.7  1586.7  9176.2  30158.4    30170  1715180246607  1715180256715
read      321.9   212.4   160.7   210.1   223.5   297.1   340.7   367.2   386.6   408.3   435.7   477.5   573.1  2366.4  8777.5  30274.6    30175  1715180258221  1715180268333
read      330.0   259.5   160.7   210.3   224.8   307.6   351.7   376.9   395.8   417.8   444.7   484.7   580.0  2391.1 12811.9  30195.0    30180  1715180269839  1715180279947
read      329.4   207.9   148.8   211.9   226.6   309.3   352.4   377.6   396.1   417.6   443.8   484.8   583.7  1594.6 11039.2  30165.8    30185  1715180281454  1715180291571
read      333.3   233.4   160.7   215.6   229.8   311.1   354.2   380.0   399.1   422.3   450.8   492.6   586.0  1731.9 12353.9  30110.9    30190  1715180293077  1715180303190
read      330.7   191.8   160.7   213.6   227.2   308.5   354.9   381.7   400.8   423.7   451.9   494.2   589.4  1431.4  8184.0  30311.4    30195  1715180304696  1715180314805
read      326.4   199.3   148.8   210.0   224.5   305.2   349.3   375.1   394.2   416.1   442.7   482.4   569.2  1800.3  8251.8  30097.4    30200  1715180316312  1715180326427
read      324.8   225.6   160.7   209.0   222.9   301.5   345.8   372.3   391.7   413.7   440.7   482.9   582.0  1887.1 11000.4  30177.7    30205  1715180327933  1715180338042
read      320.9   186.1   148.8   209.7   223.0   297.3   341.8   369.1   389.1   411.9   440.0   482.0   575.1  1207.3  8188.2  30322.8    30210  1715180339548  1715180349662
read      331.8   199.5   148.8   208.5   223.6   312.2   358.4   384.4   402.4   424.9   452.4   493.2   589.2  1540.7  8774.9  30189.6    30215  1715180351169  1715180361281
read      333.1   216.8   160.7   215.9   229.6   311.3   355.5   381.2   399.6   422.0   449.4   490.5   587.7  1884.4 10543.3  30230.4    30220  1715180362787  1715180372895
read      329.7   202.0   160.7   210.5   224.6   308.1   353.6   379.3   397.9   420.2   447.9   490.8   594.1  1925.6  8271.6  30153.4    30225  1715180374402  1715180384512
read      325.9   217.3   160.7   210.7   224.3   303.3   347.5   373.5   392.8   414.6   441.6   482.4   579.4  1780.5  9810.7  30164.6    30230  1715180386019  1715180396133
read      330.1   234.8   148.8   209.9   224.0   305.6   350.4   376.7   395.7   417.8   445.2   489.3   618.5  2532.9 12021.3  30154.7    30235  1715180397641  1715180407749
read      323.3   221.6   160.7   205.6   220.2   302.2   346.8   372.7   391.4   412.5   438.6   480.6   580.7  1342.6 11019.1  30264.0    30240  1715180409255  1715180419372
read      323.8   209.5   148.8   210.2   224.3   302.1   344.8   370.6   389.6   410.9   436.6   477.5   574.4  1447.4 10450.2  30317.4    30245  1715180420878  1715180430997
read      328.1   224.6   160.7   210.0   224.7   305.4   349.1   374.9   394.4   416.5   443.6   485.9   584.1  1985.3  9964.4  30280.0    30250  1715180432503  1715180442613
read      315.5   221.4   160.7   209.7   222.3   291.3   332.1   357.8   376.4   398.7   426.6   466.4   554.0  1914.8 11444.5  30227.9    30255  1715180444119  1715180454230
read      316.2   235.4   160.7   208.5   221.2   291.1   333.0   359.5   378.8   401.1   429.6   469.0   551.3  1720.3 12096.2  30280.6    30260  1715180455737  1715180465853
read      318.1   188.1   148.8   209.0   222.6   297.1   339.3   364.6   382.9   403.5   430.6   468.8   554.3  1226.5  8044.1  30360.6    30265  1715180467361  1715180477473
read      320.6   192.5   160.7   213.4   226.2   298.9   340.6   366.1   384.7   405.4   432.2   470.0   549.4  1447.8  8063.7  30257.2    30270  1715180478979  1715180489091
read      333.1   227.4   160.7   211.4   226.0   312.3   357.3   382.6   400.4   422.1   448.6   489.3   589.9  1949.0 11169.6  30347.5    30275  1715180490599  1715180500710
read      320.2   214.0   148.8   210.4   223.8   297.9   339.9   365.5   384.2   405.0   431.9   469.8   556.3  1568.6  9695.6  30201.6    30280  1715180502217  1715180512334
read      316.5   218.1   160.7   209.7   222.5   291.5   332.8   359.4   378.7   401.1   429.8   469.7   561.6  1898.3  9701.0  30360.7    30285  1715180513841  1715180523952
read      315.4   206.5   148.8   210.3   223.0   291.8   333.1   359.2   378.1   400.3   428.1   467.8   551.7  1628.2  9468.6  30176.8    30290  1715180525460  1715180535572
read      322.5   199.7   148.8   210.5   224.2   300.6   343.3   368.7   387.5   408.6   435.2   475.8   571.4  1578.9  8595.9  30284.1    30295  1715180537078  1715180547188
read      325.7   221.1   160.7   212.7   226.3   303.6   345.9   371.4   390.3   411.5   437.0   476.8   570.1  2053.2 10834.4  30329.1    30300  1715180548695  1715180558804
read      329.6   221.5   148.8   211.0   225.7   307.8   351.9   377.1   395.4   416.8   443.2   484.5   584.0  2450.0 11230.6  30289.6    30305  1715180560310  1715180570422
read      313.8   187.1   160.7   209.3   222.3   292.6   333.3   358.5   376.8   398.8   425.6   462.9   543.7  1077.4  9591.7  30224.4    30310  1715180571929  1715180582044
read      327.1   214.4   160.7   208.3   223.1   306.7   350.2   375.3   394.1   415.2   440.4   478.5   575.5  1876.9 10051.1  30329.0    30315  1715180583551  1715180593661
read      319.4   222.4   160.7   206.7   220.9   297.0   339.6   365.0   383.5   404.1   430.8   468.0   551.0  2060.4  9470.9  30353.6    30320  1715180595169  1715180605282
read      312.2   164.1   160.7   209.6   222.7   290.5   330.3   355.8   374.3   397.1   424.9   463.7   544.5  1064.3  7844.8  30253.3    30325  1715180606789  1715180616904
read      319.1   195.9   160.7   210.8   224.1   295.8   337.9   364.3   383.6   405.2   433.3   473.0   564.6  1259.1  9341.8  30293.9    30330  1715180618409  1715180628520
read      327.0   231.3   160.7   211.3   225.0   303.5   347.5   373.5   392.7   414.4   441.0   481.2   578.0  1906.1 10732.2  30325.9    30335  1715180630025  1715180640142
read      305.6   220.3   160.7   204.5   216.9   282.4   319.5   344.1   363.3   385.5   413.0   453.1   538.6  1494.0 10058.0  30283.3    30340  1715180641650  1715180651769
read      317.1   199.7   160.7   208.2   222.3   296.7   337.8   362.6   380.4   401.0   427.6   465.3   546.9  1226.1 10863.1  30329.9    30345  1715180653275  1715180663389
read      329.7   214.2   160.7   209.2   224.3   309.7   354.2   379.6   397.6   419.0   444.9   484.9   579.2  1859.7 10779.5  30432.3    30350  1715180664895  1715180675005
read      331.8   260.1   160.7   209.1   224.6   309.2   353.9   379.3   397.5   419.0   445.1   485.9   584.4  2748.8 12447.7  30338.8    30355  1715180676511  1715180686624
read      314.2   194.4   160.7   205.7   219.5   293.3   334.7   360.0   378.3   400.0   426.5   463.8   545.1  1305.7  8430.0  30319.6    30360  1715180688130  1715180698244
read      314.4   173.6   148.8   207.7   221.4   293.6   334.7   359.8   377.8   399.5   426.7   465.3   548.5  1092.8  7878.6  30372.9    30365  1715180699750  1715180709861
read      322.0   198.7   160.7   210.2   224.1   301.8   344.0   369.3   387.6   407.9   433.6   470.9   561.3  1163.8  8618.3  30226.8    30370  1715180711367  1715180721480
read      320.1   245.7   160.7   207.9   221.6   295.4   337.9   363.9   382.9   404.0   431.4   470.2   564.2  2242.2 10637.2  30379.4    30375  1715180722986  1715180733096
read      319.5   213.5   160.7   210.4   223.3   295.4   338.4   365.2   384.3   404.9   432.4   470.8   560.4  1842.6 11223.0  30323.8    30380  1715180734604  1715180744714
read      320.6   191.2   160.7   208.5   222.0   299.3   343.1   368.8   387.4   407.8   434.8   474.0   563.9  1389.2  8470.3  30354.3    30385  1715180746222  1715180756335
read      318.8   203.8   160.7   208.9   222.6   295.9   338.5   364.8   383.9   405.2   433.7   474.0   567.7  1280.9  8882.6  30344.0    30390  1715180757843  1715180767957
read      317.2   202.6   148.8   209.2   223.0   295.6   336.6   361.8   380.1   401.0   428.2   466.6   549.7  1321.7  8439.2  30391.3    30395  1715180769464  1715180779575
read      322.5   215.1   160.7   209.1   223.3   300.1   342.0   367.4   385.9   406.5   433.3   472.7   575.1  2091.2 10408.4  30431.6    30400  1715180781081  1715180791192
read      318.5   206.8   160.7   207.8   220.8   293.7   337.8   365.0   384.7   406.6   435.2   477.6   571.6  1736.8  8646.2  30312.7    30405  1715180792699  1715180802811
read      312.2   196.8   160.7   207.5   220.5   288.5   329.1   355.0   373.9   396.7   424.8   465.4   550.2  1572.1  8688.2  30509.6    30410  1715180804317  1715180814436
read      326.0   205.4   148.8   210.5   225.2   304.7   347.1   372.6   391.5   413.0   440.2   483.4   584.3  1381.7  9812.7  30318.9    30415  1715180815943  1715180826061
read      315.8   180.7   160.7   209.8   223.2   294.3   334.9   360.0   378.1   399.8   427.1   465.4   546.9  1509.3  8217.5  30556.2    30420  1715180827568  1715180837679
read      319.8   229.1   160.7   208.8   222.3   296.2   339.4   365.2   383.7   404.0   430.8   468.9   567.0  1697.4 12005.7  30366.6    30425  1715180839184  1715180849296
read      318.0   210.3   148.8   209.6   222.7   294.5   335.8   361.2   379.5   401.2   429.2   468.9   568.3  2022.5  8759.4  30331.9    30430  1715180850805  1715180860913
read      329.1   230.8   160.7   210.7   224.8   308.5   352.3   376.7   394.5   415.2   441.0   481.5   578.3  2226.2 11134.6  30514.9    30435  1715180862420  1715180872536
read      322.7   212.6   160.7   210.6   224.5   301.4   343.0   368.3   386.9   407.6   434.5   474.3   568.2  1568.1 11350.5  30374.1    30440  1715180874044  1715180884167
read      319.3   167.9   148.8   205.2   220.1   300.0   344.1   369.6   388.2   408.8   434.6   474.0   563.4   994.0  8370.3  30515.3    30445  1715180885673  1715180895785
read      322.2   229.1   160.7   210.2   224.3   299.6   341.5   367.1   385.8   406.6   433.9   473.1   570.3  1734.4  9251.9  30374.3    30450  1715180897290  1715180907402
read      337.0   239.5   160.7   214.1   229.7   316.2   360.7   386.2   403.9   426.4   453.7   494.9   589.6  1557.8 12565.3  30494.9    30455  1715180908908  1715180919016
read      324.1   202.6   160.7   211.7   225.2   302.5   345.6   371.2   389.9   410.8   436.0   474.0   560.1  1678.0  8424.6  30355.6    30460  1715180920522  1715180930631
read      322.3   224.7   160.7   209.2   223.0   298.9   342.6   368.4   387.2   408.1   434.7   474.6   570.1  1705.4 10755.9  30547.3    30465  1715180932137  1715180942246
read      318.4   203.5   160.7   207.7   221.5   297.7   340.7   365.8   384.0   404.1   430.9   468.9   553.6  1119.9 10071.0  30479.2    30470  1715180943753  1715180953863
read      312.1   176.0   160.7   212.0   224.2   289.0   327.4   352.8   372.0   395.0   423.4   463.6   546.4  1372.6  8260.3  30326.1    30475  1715180955369  1715180965478
read      324.9   175.3   160.7   210.4   223.9   305.4   350.0   375.4   394.2   415.6   441.8   481.2   564.8  1389.6  8258.4  30521.7    30480  1715180966985  1715180977095
read      321.1   227.0   160.7   208.4   221.8   297.5   341.3   367.5   386.2   406.8   433.9   472.9   563.8  1777.4 10213.6  30466.3    30485  1715180978600  1715180988712
read      318.4   194.6   160.7   209.4   222.7   296.4   339.0   364.9   383.5   403.9   430.8   469.0   559.6  1363.3  9381.3  30478.8    30490  1715180990216  1715181000328
read      323.5   199.2   148.8   206.1   220.6   303.5   347.6   373.0   391.4   412.2   438.5   481.0   579.2  1466.9  8658.5  30453.8    30495  1715181001836  1715181011945
read      318.9   172.2   160.7   207.7   221.3   296.5   341.0   367.5   386.5   407.4   434.4   473.7   566.3  1379.2  7767.2  30489.4    30500  1715181013451  1715181023561
Warning! Detected max cpu usage > 95%
CPU Usage Stats (avg/min/max): 83.12%,32.00%,100.00%
