Random waveform, supplied seed
Total number of intervals = 150 (7434, 67201, 85927, 63953, 31595, 87879, 7287, 62295, 6561, 22532, 60653, 59076, 60154, 22964, 8172, 27652, 37594, 24367, 33771, 84944, 85666, 51918, 34406, 28664, 38289, 20658, 13840, 93419, 98284, 71313, 42089, 46458, 30755, 42889, 93552, 65694, 29574, 51355, 67361, 16287, 81508, 87619, 99068, 51267, 11822, 97494, 97350, 55460, 85984, 82043, 52873, 13911, 49984, 9274, 27187, 18735, 86505, 93039, 75999, 32324, 84255, 81759, 37291, 53818, 30297, 31569, 38927, 10652, 98119, 48176, 34929, 69735, 20753, 84642, 42333, 61587, 77998, 97625, 23781, 66723, 31016, 47394, 95335, 5252, 65908, 16889, 42912, 99898, 26385, 22616, 50605, 90283, 26273, 48521, 34058, 75648, 19482, 15054, 75754, 5187, 17656, 96343, 36665, 85269, 31525, 61798, 12253, 25710, 79937, 7271, 85861, 91467, 72217, 31080, 76878, 84584, 12492, 57106, 96245, 6791, 90728, 5151, 82969, 42635, 99337, 95192, 69200, 49459, 29055, 64324, 5705, 84816, 23714, 74116, 19948, 44213, 19454, 7190, 47657, 44399, 6481, 5807, 83137, 9580, 37385, 33706, 35204, 50438, 48878, 42682)
Average QPS expected = 50033
Timestamp start: 1715964404597
Timestamp end: 1715965305129

#type       avg     std     min      p5     p10     p50     p67     p75     p80     p85     p90     p95     p99    p999   p9999      QPS   target
read      430.6   929.9   173.5   228.9   248.8   373.4   417.7   440.9   458.3   478.4   508.0   564.1  1013.7 11606.2 32458.5   7394.3     7434
read      410.0   352.0   160.7   219.6   232.3   340.5   408.7   453.7   490.8   538.5   603.6   732.6  1657.5  3778.4  9900.8  67076.2    67201
read      365.1   207.9   160.7   218.0   230.3   329.5   390.0   426.8   455.8   492.4   541.6   620.7   796.8  1585.2  7713.1  86001.0    85927
read      381.7   260.9   160.7   218.5   230.3   336.4   409.7   456.4   492.9   536.5   589.9   665.9   846.5  1797.6  7945.7  64091.7    63953
read      380.3   330.1   160.7   211.3   223.6   335.3   423.2   474.1   508.9   544.4   583.3   633.4   774.1  1633.3 10318.2  31534.2    31595
read      362.8   259.6   160.7   214.4   226.9   322.8   380.9   415.7   443.3   479.3   531.1   613.3   869.3  2198.9  7968.2  87784.2    87879
read      419.9   783.7   173.5   231.0   250.7   371.9   421.5   449.2   468.1   492.0   521.0   566.4   738.0  9858.0 31844.0   7313.7     7287
read      392.3   309.1   160.7   215.8   227.9   331.4   401.4   449.1   488.7   538.4   603.3   701.8  1310.7  2144.5 11587.0  62267.0    62295
read      395.4   692.8   173.5   225.3   245.5   353.7   395.9   420.6   437.8   459.9   487.9   532.2   697.6  8030.8 30154.0   6585.8     6561
read      470.6   529.1   173.5   215.3   229.1   403.0   510.9   574.9   629.5   703.3   790.5   906.3  1124.5  4561.4 28456.2  22478.7    22532
read      415.2   409.9   160.7   220.1   233.4   348.5   425.5   474.2   513.4   563.0   627.0   744.1  1395.4  3811.4 15960.7  60699.3    60653
read      391.9   266.1   160.7   220.3   232.9   344.1   421.7   469.7   507.0   551.8   607.4   686.1   907.4  1691.7 10127.3  59160.8    59076
read      390.7   308.4   160.7   220.7   233.6   344.3   421.3   468.3   505.6   549.5   603.8   683.0   877.2  1561.4 12241.7  59964.2    60154
read      461.7   401.1   173.5   219.8   233.3   394.1   497.5   553.6   598.1   669.3   795.5   963.3  1187.3  2357.9 20179.3  23056.2    22964
read      436.1   580.3   173.5   232.9   255.5   402.2   465.0   501.8   527.6   555.3   589.8   639.2   785.0  6170.6 30182.1   8101.2     8172
read      427.2   390.3   173.5   219.3   232.0   370.8   464.2   515.7   551.1   592.9   651.2   807.1  1173.8  1678.7 16402.9  27653.8    27652
read      402.0   521.6   173.5   218.3   230.2   360.4   445.4   495.1   530.7   570.7   618.7   689.5   866.7  1542.5 10383.2  37539.3    37594
read      459.8   470.6   173.5   221.1   235.1   386.1   490.0   547.1   590.8   657.3   788.8   966.9  1208.7  3195.2 24567.0  24424.2    24367
read      428.0   462.8   160.7   218.6   230.5   360.6   451.1   507.5   548.4   596.4   656.9   804.8  1264.8  3394.2 28447.2  33706.7    33771
read      381.8   296.9   160.7   220.1   233.0   338.3   402.6   442.9   473.8   513.7   568.7   652.9   870.8  3114.6 11064.5  85089.0    84944
read      381.8   307.6   160.7   219.0   231.4   335.2   398.6   438.0   469.7   510.3   566.0   650.0   935.1  3123.5  8242.9  85677.7    85666
read      396.9   354.8   160.7   219.1   230.9   346.0   425.0   472.7   510.9   557.6   613.9   689.3   925.9  2388.3 16982.3  52078.5    51918
read      400.0   321.4   160.7   218.7   230.4   354.8   440.6   492.7   529.9   570.1   615.1   677.3   865.7  2328.1 12599.0  34426.3    34406
read      401.9   393.2   160.7   216.5   228.8   361.4   447.4   496.8   530.2   566.2   607.7   668.3   860.5  1801.4 24421.1  28654.2    28664
read      400.7   348.0   160.7   216.4   228.4   354.3   435.3   485.9   524.0   566.7   616.0   683.6   910.4  3143.4 12434.9  38359.7    38289
read      481.9   439.3   160.7   219.5   232.9   416.5   530.8   602.4   669.4   747.3   831.7   938.3  1123.0  1685.0 23226.5  20639.8    20658
read      472.2   455.2   173.5   225.3   243.8   434.5   524.6   578.5   615.9   658.6   713.4   791.0   940.9  4206.9 28181.5  13889.8    13840
read      438.7   368.0   160.7   224.6   240.8   367.1   436.8   479.4   512.7   557.7   624.5   790.8  1849.8  3254.0  8298.1  93373.0    93419
read      374.6   266.9   160.7   221.1   234.8   336.5   392.9   426.9   453.7   487.7   535.3   613.9   864.0  3240.7  8040.6  98379.3    98284
read      379.6   338.9   160.7   219.1   230.9   333.7   400.0   441.1   473.7   515.1   570.9   652.0   881.4  2352.9 15103.4  71348.3    71313
read      400.0   359.9   160.7   219.2   230.9   352.1   433.9   484.8   522.8   566.7   618.2   686.2   894.9  2488.0 15919.3  42152.0    42089
read      399.0   362.9   160.7   220.0   232.0   350.7   429.8   479.6   519.0   565.0   617.7   687.5   902.1  2202.7 12798.0  46436.3    46458
read      402.1   317.5   160.7   219.9   232.2   359.7   447.0   497.1   531.8   570.0   613.3   673.4   847.9  2139.2 12748.7  30743.2    30755
read      399.7   272.2   160.7   218.2   229.8   353.3   435.3   485.7   524.1   568.1   620.5   692.3   943.5  2294.8 10004.1  42759.2    42889
read      380.4   283.4   160.7   220.6   234.2   339.0   398.4   434.5   463.3   499.6   548.9   632.9   919.7  3261.6  9404.3  93569.0    93552
read      389.4   296.2   160.7   220.3   232.7   340.4   412.3   456.8   492.1   536.7   593.9   675.9   936.7  2401.7  9670.1  65620.8    65694
read      404.7   323.0   173.5   220.6   233.3   364.6   454.1   502.9   535.5   571.1   612.8   672.7   835.8  2528.1  9950.6  29660.7    29574
read      415.3   395.6   160.7   220.9   233.8   352.7   437.6   490.7   531.7   579.7   636.7   729.3  1195.4  3770.4 13450.2  51151.0    51355
read      388.9   405.3   160.7   215.8   228.0   332.4   400.8   444.6   479.6   525.0   583.0   668.6  1097.7  4149.8 19190.0  67167.5    67361
read      490.1   635.2   173.5   218.2   233.0   430.7   529.0   593.4   641.3   695.7   758.0   847.3  1120.6  5823.6 30470.0  16123.0    16287
read      434.9   393.9   160.7   218.5   231.6   353.6   425.1   467.9   503.2   549.9   625.3   820.9  1825.5  3362.4 11122.6  81294.8    81508
read      376.9   310.9   160.7   216.7   229.5   332.0   393.2   430.6   460.8   498.9   549.7   635.9   949.2  2885.3 10013.7  87534.7    87619
read      377.0   256.4   160.7   219.8   233.7   337.8   395.4   430.6   459.1   495.1   544.2   628.9   920.5  2545.5  8258.8  99046.2    99068
read      394.4   305.8   160.7   215.6   227.9   345.4   425.5   473.4   511.9   557.5   613.1   688.0   922.2  2581.7  8704.4  51099.0    51267
read      441.9   470.4   173.5   222.4   240.1   408.7   477.8   522.2   553.9   589.5   632.7   694.8   866.7  3914.6 28396.9  11801.3    11822
read      499.0   598.3   160.7   231.3   251.3   402.4   469.8   513.2   549.4   604.8   707.6  1350.0  1870.5  6224.0 29017.6  97298.8    97494
read      374.2   305.5   160.7   219.7   232.7   333.5   391.6   427.2   455.7   491.9   541.5   623.2   874.1  2739.6 10028.8  97269.5    97350
read      391.8   299.6   160.7   215.8   227.9   342.3   420.5   467.7   505.3   551.0   609.0   685.9   948.9  2167.6  9228.5  55434.5    55460
read      386.5   301.3   160.7   218.8   231.1   336.4   400.4   440.3   471.8   513.2   569.7   659.9  1164.5  3420.4  8772.9  86022.0    85984
read      371.7   273.7   160.7   215.8   228.1   327.5   389.6   427.9   459.2   499.1   552.6   635.0   879.6  3344.1  7863.7  82185.2    82043
read      389.0   279.6   173.5   218.2   229.6   341.8   418.2   465.5   503.2   548.1   603.0   677.3   874.0  2690.8  8428.9  52775.0    52873
read      466.9   588.4   160.7   226.8   244.0   421.2   499.7   549.0   587.3   630.4   684.6   763.4   945.3  7229.7 29194.1  13944.7    13911
read      415.0   328.2   160.7   220.4   232.8   345.0   423.3   477.5   522.7   576.6   641.7   788.7  1399.0  2096.2 10512.8  50083.2    49984
read      441.1   547.9   173.5   236.5   257.2   400.9   463.5   499.7   525.1   552.3   586.7   636.3   841.7  7667.1 28837.1   9304.8     9274
read      465.1   372.0   173.5   224.0   238.7   383.3   496.9   561.3   611.0   686.3   819.7   984.9  1213.9  3479.2 12814.0  27198.8    27187
read      478.2   482.4   173.5   224.4   239.4   423.5   520.7   581.5   633.4   700.9   777.1   873.2  1076.4  4696.5 29582.5  18731.2    18735
read      402.8   364.7   160.7   221.0   234.2   341.4   404.5   442.9   473.4   515.1   574.3   676.3  1712.0  3150.6 10100.7  86675.7    86505
read      377.3   312.3   160.7   221.7   235.1   335.2   394.7   430.6   459.5   495.8   544.6   624.5   869.2  3179.8  8997.5  93036.0    93039
read      376.3   313.9   160.7   218.5   229.7   328.3   392.8   431.7   463.6   504.5   559.8   639.9   923.9  3257.7 10154.5  76080.7    75999
read      391.4   240.5   160.7   216.8   228.8   346.6   432.8   484.6   519.8   556.9   598.7   656.0   862.5  2141.5  8221.8  32275.5    32324
read      366.2   237.1   160.7   218.9   230.1   325.1   385.0   420.7   449.3   486.8   538.0   617.4   863.5  2543.7  7639.4  84295.8    84255
read      372.5   294.5   160.7   219.2   230.7   328.6   390.8   428.5   458.8   497.0   548.7   630.1   912.5  2381.3 11246.7  81701.5    81759
read      395.3   319.8   160.7   216.7   228.4   346.7   430.1   482.4   520.4   561.9   609.0   670.6   877.7  3149.7 12732.5  37235.2    37291
read      385.5   281.7   160.7   216.5   228.1   336.6   409.0   456.1   493.6   539.8   594.8   668.0   885.9  3156.3 10820.3  53722.8    53818
read      397.6   467.1   160.7   215.9   228.1   346.5   433.5   483.0   516.3   551.9   591.1   643.3   847.4  5572.9 28404.7  30222.7    30297
read      395.8   383.1   160.7   216.8   228.9   348.4   436.7   488.0   522.8   560.0   602.6   660.4   830.8  2183.5 22259.8  31549.7    31569
read      397.0   324.6   173.5   217.5   229.3   350.5   432.3   483.3   521.4   564.7   613.5   676.7   873.1  2482.9 10987.4  39031.0    38927
read      433.7   440.1   173.5   230.9   249.8   404.2   471.0   511.6   539.8   571.0   607.8   665.2   821.1  3758.6 28146.5  10687.0    10652
read      455.5   397.9   160.7   226.3   242.9   373.7   443.0   485.6   519.9   566.3   637.4   888.0  1856.7  3713.6 10485.8  97905.0    98119
read      389.8   358.4   160.7   215.8   227.6   339.6   415.4   462.8   500.8   546.3   599.5   667.2   891.9  3609.9 15091.0  48153.3    48176
read      396.1   320.0   173.5   217.0   228.9   348.3   433.4   486.1   523.2   563.2   607.9   670.0   882.6  2594.9 11408.4  34954.8    34929
read      389.7   306.4   160.7   220.3   232.7   337.4   406.1   450.2   485.4   529.3   586.1   674.1  1131.4  2502.2 10646.3  69746.2    69735
read      490.8   381.5   160.7   223.9   239.0   432.0   543.6   616.8   676.8   743.1   818.8   920.5  1118.2  4284.8 12723.5  20670.2    20753
read      450.9   407.6   160.7   220.7   234.4   356.9   421.8   462.6   498.2   548.1   635.4  1379.9  1880.4  2986.7 11007.3  84672.5    84642
read      380.6   254.8   160.7   213.6   225.8   336.0   413.9   463.5   502.1   545.6   594.2   653.6   825.2  1719.5  7784.6  42349.8    42333
read      371.7   260.9   160.7   215.4   227.0   326.3   394.6   437.2   471.9   517.4   573.8   644.4   839.1  1885.2  8049.6  61733.2    61587
read      365.0   239.9   173.5   216.5   228.1   322.6   384.9   423.2   453.8   493.3   546.9   625.0   843.1  1983.2  8057.1  77869.5    77998
read      365.0   262.0   160.7   219.8   232.0   327.3   382.3   415.2   440.7   473.8   520.6   593.6   854.0  2384.7 10711.6  97492.3    97625
read      440.6   428.1   173.5   219.3   231.7   378.1   476.8   527.1   562.8   610.6   693.4   839.2  1088.5  5672.0 14793.6  23738.7    23781
read      374.3   215.4   160.7   216.5   228.2   329.4   397.2   439.0   472.4   515.9   573.6   650.0   893.9  2040.0  7482.6  66762.0    66723
read      384.3   346.9   160.7   213.2   225.6   339.7   427.9   478.4   512.4   546.4   585.2   635.3   767.8  1853.4 12415.2  30949.5    31016
read      384.1   295.5   160.7   214.0   226.3   337.0   415.3   464.7   502.7   546.8   599.8   666.2   836.7  2045.8 11768.2  47384.8    47394
read      369.6   266.0   160.7   218.2   230.8   331.4   388.6   422.7   449.8   484.9   534.7   615.6   899.5  2250.3  8205.6  95306.8    95335
read      378.8   531.8   173.5   232.9   255.4   348.0   385.9   404.6   420.2   435.8   460.1   498.6   779.4  6091.0 29850.2   5197.8     5252
read      402.9   357.2   160.7   213.1   226.3   334.3   403.7   451.7   490.8   540.6   609.3   749.7  1495.8  2500.0 12594.5  65572.0    65908
read      480.9   657.7   173.5   215.4   230.4   432.0   529.1   593.1   639.9   693.9   756.8   846.5  1010.3  4236.0 34195.7  16909.5    16889
read      396.5   269.9   160.7   211.2   224.0   340.1   422.2   474.8   515.3   561.9   618.0   711.1  1204.8  2014.5  8893.3  42844.8    42912
read      371.9   310.5   160.7   217.0   230.4   332.9   389.0   422.6   449.0   482.6   530.1   609.5   907.9  2745.4  9879.5  99809.2    99898
read      440.8   491.0   160.7   215.6   228.6   369.8   473.8   529.2   569.0   620.6   718.7   885.8  1145.6  4054.0 29031.5  26429.0    26385
read      468.9   510.3   160.7   213.9   227.7   400.4   505.8   565.7   616.7   689.9   787.2   913.8  1129.5  5494.1 28848.4  22570.7    22616
read      394.8   259.3   160.7   211.0   223.9   332.8   406.5   457.9   499.2   549.4   612.0   723.7  1340.6  1981.2  8381.6  50656.8    50605
read      362.4   263.4   160.7   215.6   228.0   323.4   381.3   415.9   443.0   477.6   526.5   603.7   847.1  2103.5  9126.9  90142.0    90283
read      444.3   380.8   160.7   216.4   229.3   375.7   482.4   540.7   583.6   640.5   755.8   911.7  1135.2  2968.4 19063.1  26385.0    26273
read      407.8   374.9   160.7   213.7   226.4   342.3   423.8   476.7   519.1   570.3   633.3   747.2  1319.4  2150.7 13808.6  48560.0    48521
read      395.8   369.9   160.7   212.8   225.3   346.9   434.4   486.4   522.1   560.5   604.0   662.1   854.9  3763.7 12896.3  33912.5    34058
read      374.0   241.8   160.7   216.9   228.9   328.8   395.2   435.7   467.6   508.6   564.1   645.0   930.5  1924.5  7573.1  75545.3    75648
read      476.1   436.0   173.5   221.5   236.5   429.3   529.5   590.7   641.4   702.8   771.8   864.0  1057.7  3370.8 21772.7  19439.5    19482
read      470.7   451.9   173.5   221.5   238.0   432.5   525.0   582.3   621.6   665.0   717.3   795.6   960.2  3974.2 24515.9  15145.7    15054
read      393.2   340.6   160.7   215.9   228.6   334.5   401.1   443.4   476.4   519.8   581.6   685.7  1445.0  3007.8  9221.8  75682.7    75754
read      399.3   748.8   160.7   231.8   254.4   348.9   386.6   405.7   421.4   437.2   461.9   500.6   787.6  9995.7 31148.6   5236.7     5187
read      480.6   443.5   160.7   218.4   233.0   435.5   539.8   607.3   656.3   710.2   770.1   852.6  1006.4  3836.1 25320.5  17535.2    17656
read      377.1   305.3   160.7   216.6   229.7   331.4   389.2   424.0   451.4   486.6   536.7   624.5  1378.3  2751.8  9236.6  96217.7    96343
read      385.3   329.1   160.7   211.0   223.8   337.7   421.1   472.1   508.2   548.4   594.0   652.9   826.2  3305.8 11969.1  36597.0    36665
read      373.7   295.5   160.7   216.7   229.0   329.3   390.0   426.6   456.2   494.2   546.3   631.6   972.0  2701.1 10740.8  85132.8    85269
read      389.1   333.5   160.7   214.1   226.4   342.3   431.7   482.7   517.1   552.9   592.3   644.2   808.2  2652.2 16315.8  31491.7    31525
read      380.8   355.4   160.7   217.3   229.0   331.1   400.8   445.3   480.5   525.9   582.0   657.1   860.5  2368.5 13952.2  61647.8    61798
read      443.5   460.4   173.5   225.7   243.7   409.3   479.9   523.5   554.0   589.2   631.9   696.3   856.7  5348.8 25463.1  12286.7    12253
read      457.4   368.9   160.7   217.8   230.7   381.9   496.2   558.1   608.2   686.9   804.4   944.8  1161.4  3217.0 12338.0  25692.8    25710
read      367.1   265.3   160.7   214.6   227.0   322.5   383.2   421.3   452.0   491.3   544.3   627.2   931.5  2394.0  8793.6  79914.8    79937
read      402.1   636.9   173.5   230.1   250.3   367.0   415.2   441.2   459.8   481.2   508.1   548.4   676.6  6765.6 31089.4   7303.7     7271
read      442.0   591.8   160.7   220.0   233.8   351.7   411.4   447.9   478.2   522.8   591.9   832.5  1826.2  8067.8 29015.8  85676.8    85861
read      375.9   251.7   160.7   219.7   232.8   334.3   394.1   430.6   460.0   497.6   548.2   631.6   891.4  2777.3  9503.4  91471.3    91467
read      379.8   242.7   160.7   217.8   229.8   335.3   402.5   445.3   478.6   521.3   578.0   660.1   878.0  2405.6  6891.8  72229.3    72217
read      395.9   269.5   160.7   213.4   226.1   354.9   443.7   493.8   528.1   565.2   608.2   671.5   862.0  1817.2  8551.7  31221.3    31080
read      370.7   201.8   160.7   214.0   226.7   329.3   394.8   434.9   466.7   506.5   560.6   643.2   871.4  1946.0  6766.2  76748.0    76878
read      361.4   220.7   160.7   213.4   226.1   324.5   385.9   423.1   452.3   489.2   538.4   616.4   793.1  1776.5  8029.0  84407.8    84584
read      457.5   698.7   173.5   225.7   244.0   409.7   477.8   519.6   550.9   588.4   635.6   721.2  1004.4  7454.3 31110.8  12533.5    12492
read      410.8   337.2   160.7   219.8   232.5   347.6   425.0   474.5   514.7   562.9   624.9   735.0  1463.6  2223.5  9352.6  57000.7    57106
read      357.7   192.6   160.7   217.9   230.5   326.2   382.7   416.5   442.4   475.3   521.4   592.4   753.8  1503.5  5179.2  96091.8    96245
read      419.7   755.3   173.5   237.6   258.0   373.2   422.0   448.6   466.6   489.8   517.7   561.2   738.6  9185.5 31594.4   6812.7     6791
read      464.4   492.2   160.7   221.3   236.6   366.3   435.0   476.9   512.7   564.5   654.3  1314.3  2003.8  3180.5 16434.7  90613.5    90728
read      390.1   768.9   187.4   241.2   262.2   348.7   384.9   403.9   419.9   436.3   461.4   500.2   628.2 10246.5 31638.1   5172.3     5151
read      399.3   310.6   160.7   219.6   232.6   342.1   408.1   448.4   479.3   520.9   579.8   682.2  1627.0  2873.8  8819.1  83059.8    82969
read      392.6   295.5   160.7   217.6   229.7   348.0   430.8   481.1   518.8   560.9   609.9   673.2   822.6  1667.2 12285.4  42649.2    42635
read      358.5   219.9   160.7   219.2   231.7   327.4   382.8   416.3   442.2   474.9   520.2   591.5   745.5  1301.2  7508.3  99250.8    99337
read      365.9   225.0   160.7   219.0   232.0   333.3   392.1   427.2   455.1   489.9   536.7   611.5   779.2  1597.2  7569.0  94949.2    95192
read      370.3   263.9   160.7   212.4   225.0   328.3   397.9   440.1   473.2   515.0   569.0   642.1   818.3  1785.5  9518.2  69187.2    69200
read      380.0   270.3   160.7   211.5   224.2   337.2   415.7   462.4   498.6   540.5   590.8   660.2   824.5  1548.5  8736.0  49306.5    49459
read      384.6   369.9   160.7   210.2   223.2   344.3   431.9   478.0   508.8   542.2   580.5   632.8   766.0  1691.4 20379.9  28969.2    29055
read      371.9   242.4   160.7   213.6   226.0   329.6   400.3   444.1   478.1   520.0   572.9   644.7   806.9  1689.4  9011.6  64324.5    64324
read      395.9   723.3   173.5   234.3   255.5   352.5   393.0   415.5   431.9   451.7   474.1   517.0   764.0  8327.7 31829.4   5736.8     5705
read      445.3   361.5   160.7   220.8   235.3   359.2   430.1   473.3   508.7   558.1   639.5  1040.4  1833.7  2870.3  8610.7  84769.5    84816
read      445.6   410.8   160.7   220.1   233.4   384.8   482.4   531.6   568.3   619.1   714.4   882.2  1143.5  4036.9 18638.2  23735.7    23714
read      447.2   420.4   160.7   219.6   233.8   348.7   418.4   467.7   512.3   575.7   678.7  1098.8  1909.3  3644.5 13207.4  74183.7    74116
read      475.1   442.1   173.5   220.2   234.0   423.0   529.8   597.6   652.7   713.9   783.9   871.0  1053.4  3844.1 14332.7  19948.0    19948
read      391.1   314.4   160.7   214.7   227.0   342.8   423.4   471.6   510.2   555.2   609.0   678.4   928.8  1821.5 12568.9  44230.7    44213
read      475.8   538.3   173.5   224.4   239.9   405.9   495.5   545.6   589.2   652.9   763.4   939.3  1254.9  6479.2 28879.5  19436.0    19454
read      360.3   424.4   173.5   231.4   250.3   343.9   373.3   388.5   398.2   410.2   427.2   454.7   552.3  5541.8 24353.9   7163.0     7190
read      381.5   264.3   160.7   213.2   226.0   342.4   420.5   466.4   501.5   541.5   588.4   649.5   791.2  1360.4 10443.8  47673.8    47657
read      382.1   218.6   160.7   214.9   227.5   344.0   424.2   470.8   505.7   545.1   591.0   649.0   785.8  1160.2  7947.0  44176.3    44399
read      361.1   488.1   173.5   234.4   254.5   340.7   367.6   381.7   391.7   401.6   418.8   443.6   570.3  7051.2 28705.9   6491.8     6481
read      360.0   377.2   173.5   242.3   262.2   339.2   364.5   377.4   387.9   398.4   414.3   439.7   574.9  5886.9 15356.8   5859.5     5807
read      365.5   210.5   160.7   217.7   230.0   329.7   392.9   430.7   460.0   496.3   544.2   618.4   779.6  1520.6  9292.4  83096.3    83137
read      367.7   367.4   160.7   227.3   243.6   358.5   395.1   413.0   425.3   437.8   457.0   482.7   549.5  4868.5 15337.0   9623.8     9580
read      380.1   248.5   160.7   212.7   225.6   341.7   423.9   472.6   506.2   542.4   583.5   635.9   750.9  1267.7  8509.7  37384.8    37385
read      382.2   253.4   160.7   213.3   226.3   345.6   429.8   477.2   508.4   542.2   581.0   631.6   736.5  1366.4 12041.2  33569.7    33706
read      384.6   250.7   160.7   216.0   228.5   345.0   431.8   481.6   514.3   549.5   587.7   635.4   735.2  1282.2  9461.9  35224.7    35204
read      378.9   194.6   160.7   215.7   228.2   339.7   417.0   463.8   499.1   539.9   588.4   648.9   772.0  1247.3  8122.1  50376.5    50438
read      380.4   251.5   160.7   213.3   226.3   341.4   419.2   465.0   499.8   539.9   587.2   647.2   780.2  1372.8  8068.6  48991.0    48878
read      381.1   264.8   160.7   212.5   225.5   343.6   423.4   469.0   503.1   542.1   586.9   641.6   765.8  1309.0 10753.3  42600.5    42682

Total QPS = 50007.8 (45006980 / 900.0s)

Total connections = 64
Misses = 0 (0.0%)
Skipped TXs = 0 (0.0%)

RX 11116724307 bytes :   11.8 MB/s
TX          0 bytes :    0.0 MB/s
Warning! Detected max cpu usage > 95%
CPU Usage Stats (avg/min/max): 99.97%,50.50%,100.00%